140,138,138,137,136,134,133,132,131,130,129,127,127,127,126,127,127,127,129,129,130,130,129,132,135,137,140,141,143,144,145,144,143,142,142,141,141,144,151,154,161,164,164,167,170,172,168,166,1,0,0,0,0,0,0,0,0
141,137,137,136,135,134,132,130,130,129,128,126,126,126,125,125,125,125,126,128,129,128,128,128,131,135,137,139,141,142,142,141,140,140,140,140,143,150,155,157,159,159,161,165,165,164,164,162,1,0,0,0,0,0,0,0,0
139,137,136,135,134,133,130,129,129,128,127,125,125,125,125,123,122,124,125,125,126,127,126,128,130,133,135,138,139,140,140,139,138,140,141,142,147,154,155,155,155,156,160,161,160,159,158,157,1,0,0,0,0,0,0,0,0
138,137,136,134,133,130,129,129,129,128,128,126,126,126,125,123,122,122,123,124,125,127,127,127,130,133,135,136,137,138,138,138,139,140,142,144,149,152,150,150,152,155,156,157,155,154,153,153,1,0,0,0,0,0,0,0,0
139,138,136,134,131,129,129,129,128,127,127,126,125,124,124,123,122,122,123,124,125,126,127,129,130,131,134,134,134,135,137,138,140,140,142,145,148,148,148,149,151,151,152,152,151,150,150,151,1,0,0,0,0,0,0,0,0
139,138,137,135,132,129,129,129,127,127,126,125,125,124,124,124,122,123,123,124,125,126,127,129,131,131,132,134,136,138,139,139,140,140,141,146,146,146,147,148,149,147,148,149,149,148,149,149,1,0,0,0,0,0,0,0,0
141,140,139,137,135,131,130,130,129,127,126,125,123,123,124,123,122,122,123,125,127,128,128,129,131,131,132,138,143,144,142,140,140,140,143,144,144,144,144,146,146,145,146,146,146,148,149,150,1,0,0,0,0,0,0,0,0
145,143,141,140,136,134,132,131,130,128,128,127,125,123,123,124,123,123,124,126,128,128,129,131,133,134,135,143,146,145,142,140,139,140,141,141,142,142,142,143,144,144,145,145,146,148,150,152,1,0,0,0,0,0,0,0,0
144,143,143,146,144,138,134,133,132,131,129,128,126,124,123,124,123,124,128,131,131,129,130,133,137,140,139,143,145,143,140,139,138,138,138,138,138,139,141,140,142,142,144,145,147,149,151,154,1,0,0,0,0,0,0,0,0
144,144,148,156,156,149,142,139,137,135,131,129,127,126,125,124,124,127,131,135,136,132,131,134,138,142,141,140,139,138,137,136,136,136,137,138,137,138,138,137,139,141,142,144,148,152,152,153,1,0,0,0,0,0,0,0,0
146,148,154,160,161,159,154,145,141,139,135,133,131,129,127,127,128,129,134,138,139,138,137,137,139,140,138,137,136,135,134,134,137,139,145,148,146,146,143,138,138,141,143,146,149,151,154,154,1,0,0,0,0,0,0,0,0
151,158,160,159,164,167,168,157,148,144,139,135,133,131,130,130,131,133,136,139,140,143,143,142,142,142,139,137,135,134,135,133,142,147,150,150,149,150,151,144,143,145,144,148,150,153,154,153,1,0,0,0,0,0,0,0,0
154,165,167,167,172,176,178,171,156,145,142,140,137,135,133,133,133,134,136,138,141,143,143,144,144,144,144,141,137,139,141,139,142,148,148,150,153,156,157,154,153,155,150,149,152,153,154,153,1,0,0,0,0,0,0,0,0
155,164,169,174,177,179,177,174,165,156,151,148,143,137,135,135,134,137,140,141,141,142,143,142,142,142,141,142,143,143,144,145,144,146,146,148,153,156,159,160,162,162,161,156,153,153,153,153,1,0,0,0,0,0,0,0,0
155,159,158,162,168,174,172,169,167,163,157,151,145,138,136,138,137,140,142,142,141,141,141,140,141,140,141,142,142,142,143,145,145,148,148,146,148,153,157,161,162,163,162,162,159,155,152,151,1,0,0,0,0,0,0,0,0
148,147,146,152,162,169,167,165,165,161,156,152,147,143,142,140,141,140,140,139,139,137,138,140,140,141,143,144,143,143,141,142,144,148,145,144,146,150,155,158,159,159,160,161,162,161,156,152,1,0,0,0,0,0,0,0,0
143,144,148,153,160,162,160,159,159,157,154,152,148,144,142,142,142,139,139,137,137,136,136,138,139,142,144,144,140,140,139,139,141,144,142,142,145,149,152,156,156,156,158,158,160,161,160,156,1,0,0,0,0,0,0,0,0
141,145,147,152,154,156,154,155,154,153,151,151,146,143,140,140,140,139,138,137,137,147,148,138,139,141,143,142,138,136,136,137,138,140,141,145,150,152,152,153,152,152,154,155,157,158,159,160,1,0,0,0,0,0,0,0,0
139,141,142,146,148,149,149,149,149,148,147,149,146,142,139,139,139,138,137,136,142,157,163,154,138,141,141,140,139,138,140,142,140,140,143,147,151,152,150,149,149,149,150,151,153,155,158,160,1,0,0,0,0,0,0,0,0
136,138,138,140,141,143,143,144,145,145,146,146,142,141,139,138,136,135,136,138,119,69,114,147,142,140,139,138,139,139,145,148,144,142,142,146,148,148,147,146,146,146,147,148,150,152,155,158,1,0,0,0,0,0,0,0,0
134,136,136,137,138,139,139,139,140,143,146,144,141,140,137,135,133,132,133,136,98,36,53,105,135,140,138,138,138,140,145,146,143,140,142,144,144,144,143,143,144,145,146,147,148,151,154,156,1,0,0,0,0,0,0,0,0
134,135,136,137,136,136,137,137,141,146,147,145,142,138,134,133,131,131,131,132,116,51,33,70,126,142,140,139,140,142,145,144,141,141,142,141,140,140,140,141,141,142,144,146,148,150,153,155,1,0,0,0,0,0,0,0,0
135,136,135,135,134,134,135,135,142,148,146,144,144,139,138,136,132,133,135,133,127,54,27,53,112,137,136,140,144,146,128,136,144,143,143,142,144,141,138,139,139,140,142,144,147,150,152,154,1,0,0,0,0,0,0,0,0
136,136,135,134,135,135,136,137,141,146,144,145,147,147,123,63,110,103,83,59,50,41,29,32,53,48,46,58,67,80,32,81,107,114,124,132,81,105,142,141,143,144,146,148,149,149,151,154,1,0,0,0,0,0,0,0,0
135,136,136,136,137,140,143,141,145,129,48,104,102,80,58,30,43,26,24,24,27,32,30,30,36,30,25,25,24,31,42,61,36,33,38,44,30,62,65,65,75,83,93,101,111,147,150,152,1,0,0,0,0,0,0,0,0
135,136,136,137,140,115,97,82,67,61,35,47,32,26,37,37,32,32,36,31,27,31,30,29,30,34,23,34,34,35,30,35,35,36,45,39,57,72,105,108,110,112,118,124,128,147,149,150,1,0,0,0,0,0,0,0,0
135,136,136,137,140,120,121,127,130,135,112,76,87,68,80,58,68,55,51,35,22,34,28,28,29,27,30,32,52,71,89,96,110,99,126,115,134,129,140,146,146,147,147,147,147,146,147,148,1,0,0,0,0,0,0,0,0
137,136,136,138,142,152,158,164,166,162,162,155,158,146,149,132,137,132,127,115,68,98,47,28,25,23,69,101,130,131,133,134,135,135,135,138,137,138,138,140,141,140,141,141,142,143,144,146,1,0,0,0,0,0,0,0,0
138,137,137,142,148,156,159,163,165,164,162,163,159,161,154,141,136,132,130,117,104,90,52,44,34,31,69,54,54,61,68,76,86,114,132,134,134,135,136,137,137,138,138,138,139,140,141,143,1,0,0,0,0,0,0,0,0
140,140,141,148,154,156,159,164,167,166,163,160,159,160,155,145,143,139,131,85,72,75,81,86,99,77,86,94,95,99,101,102,102,114,131,132,131,132,133,135,135,135,136,136,137,138,139,140,1,0,0,0,0,0,0,0,0
142,142,145,151,156,156,159,162,164,162,155,152,153,157,154,148,146,145,136,133,138,143,143,140,136,136,136,137,136,136,136,136,135,132,130,130,130,130,132,133,133,133,133,134,135,136,137,137,1,0,0,0,0,0,0,0,0
145,145,150,154,157,159,159,161,162,159,155,154,152,154,152,147,146,147,141,136,136,142,145,141,140,138,138,137,134,130,130,130,130,129,128,128,128,129,129,130,130,130,131,132,133,134,135,135,1,0,0,0,0,0,0,0,0
150,149,154,157,160,160,160,161,160,160,159,156,154,153,151,149,147,146,143,140,140,144,146,146,146,142,141,139,135,130,129,129,128,128,127,127,127,128,128,128,127,128,129,130,131,132,133,133,1,0,0,0,0,0,0,0,0
151,153,157,159,162,161,161,161,159,159,158,157,156,155,153,153,152,149,150,151,146,147,147,146,142,142,142,139,136,131,128,128,127,126,126,126,125,126,126,126,126,127,127,128,129,130,130,131,1,0,0,0,0,0,0,0,0
151,155,158,159,159,160,159,160,158,158,158,157,156,155,153,152,151,151,156,152,145,143,143,143,142,142,144,144,136,130,127,126,125,126,127,127,126,126,125,125,124,124,125,126,126,127,127,128,1,0,0,0,0,0,0,0,0
152,155,156,157,157,158,157,157,156,155,155,155,153,150,149,148,146,148,153,150,143,139,138,140,140,141,145,147,137,130,127,125,125,127,128,131,129,126,124,124,123,123,124,124,124,124,124,126,1,0,0,0,0,0,0,0,0
152,154,153,154,155,155,154,154,154,152,152,151,147,144,143,142,143,145,146,148,141,140,138,138,138,139,141,142,135,130,127,127,127,127,128,131,132,127,125,123,122,121,121,122,122,122,123,125,1,0,0,0,0,0,0,0,0
150,150,150,151,152,152,152,151,149,149,149,148,147,144,142,140,142,145,145,143,139,139,138,137,137,138,139,138,134,130,128,127,128,128,130,131,131,127,124,123,122,121,120,120,121,121,121,122,1,0,0,0,0,0,0,0,0
147,148,147,149,150,148,147,147,147,147,146,147,146,145,143,140,140,140,141,140,138,137,137,138,139,139,138,136,134,131,128,128,128,128,129,131,129,125,123,123,122,120,119,118,118,119,119,120,1,0,0,0,0,0,0,0,0
144,146,146,148,148,146,145,145,144,145,145,144,144,145,144,141,138,138,138,137,135,135,135,136,137,137,136,133,132,131,128,128,128,127,127,129,128,126,123,122,120,118,117,116,116,116,118,118,1,0,0,0,0,0,0,0,0
142,143,143,144,145,142,144,144,142,143,143,143,143,145,145,144,142,140,139,137,134,134,134,134,134,135,134,133,132,130,128,127,127,126,126,126,126,125,122,120,119,117,116,115,115,115,115,116,1,0,0,0,0,0,0,0,0
140,140,140,141,142,142,142,142,141,140,140,139,141,142,143,144,143,140,140,137,135,133,134,134,133,133,133,133,132,130,129,128,126,125,125,124,124,123,120,118,117,115,114,113,113,113,113,114,1,0,0,0,0,0,0,0,0
137,138,138,139,139,140,141,141,140,138,138,138,139,139,140,141,142,141,140,137,134,133,133,133,132,131,131,131,130,129,127,125,124,123,122,122,122,120,117,116,115,113,112,111,111,111,112,112,1,0,0,0,0,0,0,0,0
135,135,136,136,136,138,138,139,138,136,136,136,136,136,138,138,139,139,139,138,134,132,130,129,129,128,128,128,127,127,126,124,123,122,121,120,119,117,115,114,114,112,111,110,110,110,110,111,1,0,0,0,0,0,0,0,0
134,134,133,134,135,135,136,136,136,135,135,134,135,135,135,137,137,138,139,137,132,131,130,129,127,127,125,125,125,125,124,124,122,121,119,118,117,115,114,113,112,111,110,110,110,109,109,110,1,0,0,0,0,0,0,0,0
133,132,132,132,133,133,133,133,134,133,133,133,133,135,135,135,136,136,137,136,135,134,132,130,129,127,124,124,125,123,123,122,121,120,118,117,115,113,113,112,111,110,110,110,111,110,110,110,1,0,0,0,0,0,0,0,0
133,132,132,132,132,132,131,132,132,131,131,131,132,133,133,134,135,136,137,136,137,136,132,131,130,127,126,124,124,124,122,122,121,119,117,115,114,112,113,112,111,111,111,111,111,110,112,113,1,0,0,0,0,0,0,0,0
134,134,134,133,133,133,132,131,131,131,130,131,132,132,133,135,135,136,136,136,137,137,134,133,131,129,128,127,126,124,122,121,120,119,118,116,114,113,114,114,113,113,114,113,112,112,114,115,1,0,0,0,0,0,0,0,0
198,197,197,198,198,198,198,198,198,198,198,198,198,197,198,198,198,197,198,197,198,197,198,198,198,197,198,198,197,198,197,197,198,198,197,198,197,197,197,198,197,196,197,197,196,197,197,197,1,0,0,0,0,0,0,0,0
198,198,197,198,198,198,198,198,198,198,198,198,198,197,197,198,197,197,198,198,198,197,197,198,197,198,198,198,198,198,198,198,198,197,197,197,197,197,197,197,197,197,197,197,197,198,197,196,1,0,0,0,0,0,0,0,0
198,197,197,197,197,198,198,198,198,198,198,197,197,198,198,198,197,198,198,198,198,197,197,198,198,198,198,198,197,198,197,198,197,197,197,197,196,197,198,196,197,198,198,197,197,198,196,197,1,0,0,0,0,0,0,0,0
198,198,198,198,198,197,197,198,197,198,197,198,197,197,198,198,198,197,197,198,198,198,196,197,197,198,197,197,197,198,198,198,198,198,197,196,196,196,197,196,197,197,197,197,197,197,197,197,1,0,0,0,0,0,0,0,0
198,198,198,197,198,198,197,198,198,197,197,198,197,198,198,198,198,198,198,197,197,198,197,197,197,198,198,197,196,198,198,197,198,197,198,197,197,197,197,197,197,197,197,196,197,198,197,196,1,0,0,0,0,0,0,0,0
198,197,198,198,198,197,197,198,198,197,197,197,197,197,198,198,197,198,198,198,198,198,198,197,196,198,198,198,198,198,197,197,198,197,198,197,197,197,197,197,197,196,196,196,196,197,197,196,1,0,0,0,0,0,0,0,0
198,198,197,197,198,198,198,198,198,197,198,198,197,198,198,198,197,198,198,198,197,197,197,197,197,197,197,197,197,197,198,197,197,197,197,196,196,197,197,197,197,196,196,197,196,197,197,196,1,0,0,0,0,0,0,0,0
198,198,198,198,198,198,198,198,197,197,197,198,197,198,198,198,197,197,198,198,198,198,197,196,197,198,197,197,197,197,198,198,196,197,197,197,197,197,197,196,197,197,197,197,197,196,197,196,1,0,0,0,0,0,0,0,0
198,198,197,197,197,197,198,198,197,197,197,197,197,197,198,198,197,197,197,197,198,198,197,196,198,197,197,198,198,197,197,196,197,197,197,196,197,197,197,196,197,197,197,197,197,197,196,197,1,0,0,0,0,0,0,0,0
198,198,197,197,198,197,198,198,197,197,197,196,196,197,198,198,197,197,197,197,197,198,198,197,197,197,197,197,198,197,196,196,196,197,197,196,196,197,197,197,196,196,196,196,196,197,197,196,1,0,0,0,0,0,0,0,0
197,198,197,196,196,198,198,197,197,197,196,197,198,197,197,198,198,196,197,197,197,197,197,197,197,197,196,196,197,197,196,196,197,197,197,197,196,197,197,196,197,197,196,196,196,196,197,197,1,0,0,0,0,0,0,0,0
197,197,197,197,197,197,197,197,198,198,196,196,197,197,196,196,197,197,197,197,197,197,197,197,197,197,196,197,197,197,197,196,197,196,195,197,197,196,196,196,196,196,196,197,196,195,196,196,1,0,0,0,0,0,0,0,0
198,197,198,197,198,197,197,197,197,197,197,197,196,196,198,197,196,197,196,197,197,198,198,198,197,196,196,197,197,197,197,196,197,196,196,196,196,196,196,197,196,196,196,196,196,196,196,196,1,0,0,0,0,0,0,0,0
198,197,198,197,198,198,197,197,197,197,197,197,196,197,196,196,197,197,197,197,196,197,196,196,197,196,197,196,196,197,196,196,197,197,196,196,196,196,196,196,196,196,196,197,196,196,197,196,1,0,0,0,0,0,0,0,0
197,197,196,197,197,197,197,197,198,197,196,197,196,196,196,197,197,196,196,197,197,197,197,196,197,197,196,196,197,197,196,196,196,196,196,197,197,196,196,196,197,197,197,196,196,196,197,195,1,0,0,0,0,0,0,0,0
197,196,197,197,197,197,198,197,196,197,197,196,197,197,196,197,197,196,197,196,196,197,197,196,197,196,196,196,196,196,196,196,196,196,197,196,196,196,196,196,197,197,197,196,196,196,196,196,1,0,0,0,0,0,0,0,0
197,196,197,197,197,198,198,197,196,196,196,197,196,196,197,197,196,197,197,197,196,197,197,196,190,195,196,196,196,196,197,196,196,196,196,196,196,197,196,196,197,196,195,197,196,195,196,196,1,0,0,0,0,0,0,0,0
197,197,197,197,197,197,197,196,196,197,197,196,196,197,197,196,197,197,197,196,196,196,197,195,182,197,196,197,196,197,196,196,196,196,196,196,196,197,196,196,197,195,195,196,197,195,195,196,1,0,0,0,0,0,0,0,0
196,196,196,197,196,196,196,196,196,196,197,196,197,197,196,196,197,197,196,196,197,196,196,194,179,196,195,196,197,196,195,195,196,196,196,196,196,196,196,196,196,195,196,196,196,196,196,196,1,0,0,0,0,0,0,0,0
196,196,197,197,197,196,197,197,197,197,196,196,196,196,197,196,196,197,196,196,197,197,196,193,180,196,196,195,196,196,195,196,196,196,196,196,196,196,195,196,196,196,196,196,196,195,195,194,1,0,0,0,0,0,0,0,0
197,196,196,197,197,196,196,197,196,196,196,196,195,196,196,196,195,196,197,197,196,196,197,191,175,197,196,195,196,196,196,196,195,195,195,195,196,196,195,195,196,195,195,196,196,196,195,196,1,0,0,0,0,0,0,0,0
196,197,197,196,196,197,196,196,196,196,196,196,196,196,196,196,196,197,196,196,196,195,196,186,170,197,197,196,196,196,196,196,195,195,195,196,195,196,197,195,196,195,195,197,196,195,196,195,1,0,0,0,0,0,0,0,0
196,197,196,196,196,196,196,197,196,196,196,197,196,196,196,196,196,195,196,195,197,204,205,189,168,197,196,196,195,195,196,196,195,195,195,196,196,195,195,196,195,195,196,196,195,195,196,196,1,0,0,0,0,0,0,0,0
196,196,196,196,196,196,196,197,196,196,196,196,196,196,195,196,196,196,196,196,220,232,189,170,172,197,195,195,195,196,195,196,196,195,196,196,196,195,195,196,195,196,196,195,195,196,196,195,1,0,0,0,0,0,0,0,0
196,195,196,195,195,196,196,196,196,196,196,196,196,196,196,195,196,196,196,203,223,207,155,142,167,192,197,197,196,195,196,195,196,195,195,195,195,196,195,196,196,196,195,196,200,196,189,195,1,0,0,0,0,0,0,0,0
194,205,206,208,205,203,203,199,198,196,195,194,194,194,196,195,194,194,194,202,237,228,160,139,149,175,190,187,183,191,190,192,193,195,197,198,199,201,200,201,200,196,202,202,199,195,190,195,1,0,0,0,0,0,0,0,0
195,199,202,206,207,203,202,202,200,206,208,208,210,208,206,205,207,203,204,192,171,162,134,128,134,152,182,197,197,202,198,195,200,192,187,183,178,178,172,164,179,189,195,195,195,195,195,195,1,0,0,0,0,0,0,0,0
197,196,196,195,195,193,186,183,185,185,180,167,163,179,154,161,179,180,204,197,157,176,162,131,129,160,174,156,149,157,135,141,156,159,150,166,182,189,192,192,196,197,196,195,195,195,195,196,1,0,0,0,0,0,0,0,0
196,196,196,195,196,195,196,196,196,196,197,189,194,143,60,84,134,127,136,172,189,216,200,143,140,195,207,136,134,89,53,117,193,196,193,196,196,197,196,196,195,196,195,195,196,195,195,195,1,0,0,0,0,0,0,0,0
195,196,197,195,196,196,195,195,195,195,195,196,200,150,84,114,186,170,188,196,190,182,177,173,178,190,201,187,165,135,101,148,195,196,195,194,196,195,195,196,195,195,195,195,195,195,195,195,1,0,0,0,0,0,0,0,0
195,196,196,196,195,195,195,196,196,195,194,195,195,192,168,178,188,154,155,191,199,165,163,201,197,196,197,163,143,187,188,192,195,195,196,195,195,194,195,195,196,194,194,195,195,195,195,195,1,0,0,0,0,0,0,0,0
195,196,196,196,195,195,195,195,195,195,195,195,195,196,197,198,170,113,114,186,197,189,189,195,195,195,198,136,132,162,199,195,195,195,195,195,195,195,194,194,195,194,194,196,195,194,195,195,1,0,0,0,0,0,0,0,0
195,195,195,195,195,196,195,196,195,195,195,195,195,195,195,194,190,184,186,194,195,196,196,195,195,195,195,194,193,191,194,194,195,195,195,196,196,195,194,194,194,196,195,194,195,195,195,194,1,0,0,0,0,0,0,0,0
195,195,195,196,196,196,195,196,196,195,195,195,195,195,194,194,195,195,195,195,195,195,195,195,195,195,195,195,195,196,194,193,195,195,195,196,194,194,194,195,194,195,194,195,195,194,194,193,1,0,0,0,0,0,0,0,0
195,195,195,195,195,196,195,195,195,195,195,195,195,195,195,195,194,194,194,193,194,194,194,195,194,196,195,194,195,195,195,194,194,195,195,193,194,195,194,196,196,195,195,195,195,194,194,195,1,0,0,0,0,0,0,0,0
196,195,195,195,194,195,195,195,195,195,195,195,195,195,194,195,194,194,194,194,195,195,194,194,195,195,194,194,195,195,195,195,194,195,195,194,195,195,195,194,193,194,195,194,194,194,194,195,1,0,0,0,0,0,0,0,0
195,195,196,196,195,196,196,195,194,195,195,194,195,195,195,195,194,194,195,195,194,195,195,195,194,195,195,194,194,195,195,194,195,195,195,195,194,194,195,194,193,194,194,193,194,194,194,193,1,0,0,0,0,0,0,0,0
194,195,195,195,195,195,195,195,194,194,194,195,195,195,194,194,194,195,194,194,194,194,194,194,194,194,194,195,195,194,194,195,195,195,195,195,194,193,194,194,194,194,194,193,194,195,194,194,1,0,0,0,0,0,0,0,0
195,195,195,195,195,195,194,195,194,195,195,195,195,194,194,195,195,194,194,194,194,194,193,193,194,195,194,194,194,194,195,195,194,194,194,195,195,194,193,193,194,195,194,194,195,194,193,194,1,0,0,0,0,0,0,0,0
195,196,195,195,195,194,195,195,194,194,194,194,195,194,194,195,195,194,194,194,194,194,194,194,194,194,194,194,194,195,195,194,194,195,194,194,194,194,194,194,194,194,193,194,194,194,193,194,1,0,0,0,0,0,0,0,0
194,194,195,195,195,195,195,195,194,194,194,194,194,194,195,195,194,194,193,193,194,194,194,194,195,194,193,193,194,194,193,194,195,194,194,194,194,193,194,194,193,194,193,193,194,194,194,194,1,0,0,0,0,0,0,0,0
194,194,194,195,194,194,194,194,194,195,194,194,193,195,195,195,195,195,194,194,194,194,194,194,194,194,193,194,194,194,194,195,194,194,194,194,194,194,193,193,194,194,193,194,194,193,194,193,1,0,0,0,0,0,0,0,0
195,194,194,195,195,194,195,195,194,194,194,194,194,194,194,194,195,194,194,193,193,194,195,194,193,195,195,194,194,194,193,194,194,194,194,194,193,194,193,194,194,193,193,194,194,193,193,193,1,0,0,0,0,0,0,0,0
195,194,194,194,194,194,194,194,194,193,193,193,194,194,194,194,194,194,194,194,194,194,194,193,194,194,194,194,194,194,194,194,194,194,193,193,193,193,193,193,194,193,193,194,194,194,193,193,1,0,0,0,0,0,0,0,0
194,194,193,195,194,194,194,194,194,194,194,194,194,194,194,193,194,194,193,193,193,194,193,194,194,193,194,193,194,194,194,194,194,194,194,194,193,193,194,193,194,194,193,193,194,193,194,194,1,0,0,0,0,0,0,0,0
194,194,195,194,194,194,193,193,194,195,194,193,194,194,193,194,193,194,194,193,194,193,193,193,194,194,193,194,193,194,194,194,194,194,194,193,193,193,194,194,194,193,193,194,194,193,193,194,1,0,0,0,0,0,0,0,0
194,193,193,194,193,193,194,193,194,194,193,194,194,194,193,194,194,194,194,194,194,193,194,194,193,194,194,193,194,194,193,193,193,194,193,194,194,193,193,193,193,193,193,193,194,194,193,193,1,0,0,0,0,0,0,0,0
194,193,194,194,194,194,194,194,194,193,193,194,193,193,193,193,194,194,194,193,194,193,194,194,194,194,194,194,194,193,192,193,193,193,194,193,194,193,192,192,193,193,194,194,193,193,193,193,1,0,0,0,0,0,0,0,0
23,23,23,23,23,23,23,23,23,23,23,23,23,23,23,23,23,23,23,23,23,23,23,23,23,23,23,23,23,23,23,24,24,23,25,42,48,48,49,51,52,52,49,45,44,33,22,21,1,0,0,0,0,0,0,0,0
100,100,99,99,100,100,100,100,100,99,99,100,100,99,100,100,99,99,99,100,99,99,99,100,100,100,99,100,100,100,100,101,101,99,114,187,206,207,214,221,225,225,212,200,197,184,153,124,1,0,0,0,0,0,0,0,0
101,101,101,101,101,101,101,101,101,100,101,101,101,101,101,100,101,101,101,101,101,101,101,101,101,101,100,101,102,101,101,101,101,100,122,192,209,214,223,227,227,228,216,211,208,212,207,189,1,0,0,0,0,0,0,0,0
102,102,101,101,102,102,101,101,101,101,102,102,101,100,102,102,100,101,101,101,101,101,101,101,101,101,102,102,101,103,105,111,118,153,167,180,199,214,225,230,227,215,213,218,218,221,217,206,1,0,0,0,0,0,0,0,0
103,104,103,103,102,102,103,103,103,103,101,100,103,112,161,160,115,101,101,102,102,101,102,103,103,102,103,101,124,189,196,204,195,190,191,183,194,211,223,228,218,213,219,220,223,224,222,213,1,0,0,0,0,0,0,0,0
104,104,104,104,104,104,104,104,104,103,113,141,170,181,197,197,181,153,108,101,100,101,103,103,103,104,104,100,145,223,228,218,200,199,199,197,203,209,216,221,216,216,219,221,222,223,221,217,1,0,0,0,0,0,0,0,0
105,104,104,104,105,104,104,104,103,135,189,202,208,209,204,204,202,194,167,148,139,124,104,103,103,104,101,110,169,219,224,221,204,205,207,205,203,206,209,213,215,214,214,216,218,220,218,218,1,0,0,0,0,0,0,0,0
106,105,106,106,106,105,105,106,105,170,212,214,212,211,210,210,206,205,206,200,194,169,106,105,104,107,147,188,206,217,222,217,205,204,205,204,202,205,209,209,210,210,211,212,214,215,215,214,1,0,0,0,0,0,0,0,0
115,113,106,106,107,107,107,108,104,144,213,220,216,213,216,215,211,210,205,204,200,177,109,105,103,134,218,206,206,211,218,217,205,202,201,201,202,205,210,207,207,208,208,209,210,211,212,213,1,0,0,0,0,0,0,0,0
195,194,175,126,108,111,113,107,105,116,191,223,219,217,219,215,213,212,207,201,199,174,117,108,103,143,217,206,195,206,212,209,193,195,199,199,201,204,208,206,205,206,208,209,209,209,210,211,1,0,0,0,0,0,0,0,0
228,229,230,210,188,189,186,158,134,135,179,209,220,217,214,213,210,210,210,205,199,189,167,144,109,138,197,203,193,203,207,202,198,199,197,197,200,203,204,205,209,215,220,221,221,217,211,210,1,0,0,0,0,0,0,0,0
229,232,233,233,241,228,206,206,205,204,196,208,218,217,214,212,209,208,210,209,204,202,195,163,147,189,194,194,200,204,201,200,196,197,198,198,199,201,205,208,218,222,227,232,232,227,218,212,1,0,0,0,0,0,0,0,0
221,238,239,235,245,239,213,211,213,207,204,214,213,214,217,216,213,212,211,210,204,204,200,188,185,204,208,211,210,203,200,196,196,196,197,200,201,205,216,213,214,221,225,230,230,225,221,216,1,0,0,0,0,0,0,0,0
215,232,242,244,247,242,218,217,219,214,209,215,214,210,215,218,214,209,207,206,202,198,197,194,192,201,211,217,215,204,203,207,207,204,205,204,202,206,213,211,214,218,222,227,226,226,222,217,1,0,0,0,0,0,0,0,0
233,226,241,247,249,241,222,224,227,218,213,213,213,210,209,212,211,206,202,200,198,199,198,193,193,202,209,210,204,205,206,207,212,209,207,207,204,201,204,208,210,214,222,226,221,221,226,224,1,0,0,0,0,0,0,0,0
234,231,242,247,243,234,225,226,228,220,213,214,218,214,206,206,209,205,202,200,200,201,202,195,191,199,197,196,196,196,201,203,207,208,206,207,206,202,201,203,203,210,225,234,223,215,224,233,1,0,0,0,0,0,0,0,0
237,234,241,242,243,235,218,229,233,229,228,224,230,226,208,202,206,208,206,206,207,205,202,199,193,196,195,198,200,200,200,208,209,209,210,206,206,199,199,206,218,208,176,166,176,216,223,227,1,0,0,0,0,0,0,0,0
240,234,246,248,244,222,216,232,240,240,239,236,238,228,210,208,209,211,213,214,216,211,204,201,199,198,199,202,204,203,205,214,216,218,215,207,196,174,211,221,221,164,173,212,222,244,232,218,1,0,0,0,0,0,0,0,0
240,242,249,238,230,226,231,245,247,243,237,238,239,229,211,210,213,215,219,228,232,217,195,188,197,199,200,202,201,203,210,216,215,204,189,185,189,190,194,191,196,203,211,205,213,206,188,213,1,0,0,0,0,0,0,0,0
227,239,249,243,241,240,240,250,239,234,226,224,228,225,214,214,212,211,216,228,236,225,184,166,185,198,202,202,203,203,201,199,183,175,177,173,170,168,145,137,141,135,126,113,98,72,128,221,1,0,0,0,0,0,0,0,0
234,234,245,245,246,244,243,171,114,173,217,221,227,223,213,209,206,206,208,214,230,228,219,188,190,197,200,199,196,184,179,174,173,171,168,155,136,115,93,82,73,63,57,49,50,123,214,220,1,0,0,0,0,0,0,0,0
232,236,242,245,240,251,251,129,77,118,186,216,222,222,214,212,212,211,208,209,217,224,223,225,211,194,184,194,178,177,175,170,162,148,126,100,82,66,60,55,52,49,50,91,166,216,213,217,1,0,0,0,0,0,0,0,0
218,230,149,150,115,129,150,123,95,121,141,193,209,214,217,218,222,222,220,220,226,230,225,212,186,185,174,176,178,177,185,178,146,94,74,63,57,48,47,47,41,53,169,213,215,208,208,213,1,0,0,0,0,0,0,0,0
226,221,192,224,226,203,179,148,51,35,35,42,63,79,87,96,105,114,125,134,148,158,158,152,155,195,143,46,147,191,185,171,132,69,55,52,47,55,90,151,155,116,231,222,218,214,212,211,1,0,0,0,0,0,0,0,0
226,225,221,226,251,255,255,253,118,40,23,51,60,53,46,38,20,12,33,30,14,1,5,102,187,192,106,6,72,66,87,87,63,51,52,51,109,165,192,196,155,118,200,222,218,213,211,213,1,0,0,0,0,0,0,0,0
218,224,223,218,230,248,249,255,170,32,51,127,156,169,186,88,109,103,63,25,10,0,12,114,128,104,59,69,77,46,57,48,51,54,47,24,64,156,174,137,6,38,153,219,213,209,209,209,1,0,0,0,0,0,0,0,0
218,220,221,220,224,242,250,254,219,60,77,140,164,192,209,197,196,182,171,120,37,34,17,34,56,50,42,46,43,48,36,32,41,31,5,0,83,163,136,84,19,110,202,206,199,204,206,197,1,0,0,0,0,0,0,0,0
219,222,224,227,235,246,253,252,245,129,117,163,190,192,185,164,159,152,134,108,82,77,106,40,34,42,43,43,49,73,110,48,5,106,72,29,35,60,46,30,79,179,203,199,199,202,198,192,1,0,0,0,0,0,0,0,0
223,206,169,170,185,199,212,220,230,174,143,158,153,137,124,106,100,89,76,64,57,52,52,28,58,72,81,121,165,201,231,165,68,195,202,164,135,124,119,143,185,197,194,201,199,197,193,190,1,0,0,0,0,0,0,0,0
224,204,168,148,130,108,91,75,59,54,51,96,88,61,62,63,60,57,53,47,43,52,19,0,68,200,219,241,228,208,211,153,111,204,200,200,203,202,198,196,192,189,192,206,204,197,193,186,1,0,0,0,0,0,0,0,0
224,232,239,246,250,249,246,153,69,44,46,58,54,50,51,55,57,59,75,102,140,198,144,78,123,219,218,217,205,203,180,18,0,134,198,191,192,194,192,188,186,187,198,212,214,209,199,184,1,0,0,0,0,0,0,0,0
225,232,238,248,252,251,252,217,189,177,163,166,174,173,175,183,196,212,225,237,243,245,238,226,214,211,213,211,206,202,190,117,93,165,190,186,187,188,190,189,185,194,206,211,208,207,195,183,1,0,0,0,0,0,0,0,0
227,228,238,248,251,250,247,249,252,253,251,250,250,247,243,238,239,239,227,217,225,230,223,216,215,212,210,209,206,195,196,202,205,204,193,184,182,184,187,186,186,197,204,204,200,195,186,180,1,0,0,0,0,0,0,0,0
229,224,222,233,246,249,248,247,249,249,245,239,237,239,236,232,232,222,214,204,210,222,219,215,210,202,200,201,204,195,196,197,198,207,198,181,179,179,181,180,183,190,197,197,193,185,180,175,1,0,0,0,0,0,0,0,0
226,221,220,228,240,247,250,253,255,255,249,239,234,234,233,230,226,213,213,211,212,218,216,211,201,193,192,192,195,196,193,195,198,208,192,173,173,174,173,174,174,174,181,186,184,174,172,167,1,0,0,0,0,0,0,0,0
215,214,218,223,232,240,249,253,254,255,251,244,239,233,229,227,219,209,211,211,210,215,213,205,194,187,185,184,184,186,190,190,190,195,197,176,166,166,166,165,163,160,163,170,173,167,162,157,1,0,0,0,0,0,0,0,0
211,210,216,215,219,241,248,249,241,239,247,251,248,243,235,225,216,211,210,207,204,208,207,196,186,180,177,176,175,177,182,185,184,187,188,177,163,160,159,158,156,153,151,153,158,156,150,146,1,0,0,0,0,0,0,0,0
203,210,224,220,225,236,237,230,226,235,247,248,250,252,241,224,216,210,207,203,194,201,199,188,179,173,169,168,168,170,173,178,180,180,183,182,170,155,152,152,150,147,144,141,140,139,137,134,1,0,0,0,0,0,0,0,0
196,202,220,224,222,228,228,219,224,242,242,233,236,246,245,230,218,209,203,195,189,195,189,179,170,165,162,162,163,163,166,170,174,174,176,182,175,154,147,145,141,138,138,139,138,133,132,131,1,0,0,0,0,0,0,0,0
201,205,221,221,218,221,216,207,210,227,232,227,229,241,242,225,210,199,192,186,186,187,181,171,163,160,158,157,158,160,161,161,162,160,160,161,157,150,143,139,136,135,138,141,141,140,136,132,1,0,0,0,0,0,0,0,0
191,202,215,208,205,204,203,201,203,211,219,220,228,234,228,214,200,190,185,183,181,181,176,166,157,153,151,151,153,155,158,159,160,157,150,146,144,144,138,134,133,133,134,134,134,131,128,126,1,0,0,0,0,0,0,0,0
185,198,201,201,200,198,198,197,197,201,207,214,221,218,212,202,192,183,180,179,178,176,169,159,150,146,145,146,148,149,151,154,158,165,154,143,139,137,133,129,126,125,124,123,121,120,118,116,1,0,0,0,0,0,0,0,0
178,186,192,195,193,193,193,193,193,197,204,213,213,205,200,192,184,178,176,177,179,176,170,160,148,144,142,143,146,143,144,150,155,157,162,153,146,136,130,126,123,121,120,118,117,118,116,114,1,0,0,0,0,0,0,0,0
148,155,159,159,159,159,159,161,162,166,173,177,177,174,166,160,155,151,149,150,150,149,144,136,129,123,121,123,126,123,122,129,132,132,134,130,126,120,114,110,108,106,105,104,103,102,100,100,1,0,0,0,0,0,0,0,0
12,13,13,13,13,13,13,13,14,14,14,14,14,14,14,13,13,13,13,13,12,12,11,11,11,10,10,10,10,10,10,11,11,11,11,10,10,10,10,10,9,9,9,9,9,9,9,8,1,0,0,0,0,0,0,0,0
0,0,0,0,0,0,0,0,0,0,0,0,0,0,0,0,0,0,0,0,0,0,0,0,0,0,0,0,0,0,0,0,0,0,0,0,0,0,0,0,0,0,0,0,0,0,0,0,1,0,0,0,0,0,0,0,0
0,0,0,0,0,0,0,0,0,0,0,0,0,0,0,0,0,0,0,0,0,0,0,0,0,0,0,0,0,0,0,0,0,0,0,0,0,0,0,0,0,0,0,0,0,0,0,0,1,0,0,0,0,0,0,0,0
0,0,0,0,0,0,0,0,0,0,0,0,0,0,0,0,0,0,0,0,0,0,0,0,0,0,0,0,0,0,0,0,0,0,0,0,0,0,0,0,0,0,0,0,0,0,0,0,1,0,0,0,0,0,0,0,0
0,0,0,0,0,0,0,0,0,0,0,0,0,0,0,0,0,0,0,0,0,0,0,0,0,0,0,0,0,0,0,0,0,0,0,0,0,0,0,0,0,0,0,0,0,0,0,0,1,0,0,0,0,0,0,0,0
6,6,6,6,6,6,6,6,6,6,6,6,6,6,6,6,6,6,6,7,7,7,7,7,7,7,7,7,7,6,6,6,6,6,6,6,6,6,6,6,6,6,6,6,6,6,6,6,1,0,0,0,0,0,0,0,0
119,120,120,120,121,122,122,123,123,123,124,124,124,124,124,124,125,125,124,125,126,126,126,126,126,126,126,126,125,124,124,124,124,124,124,124,123,123,122,122,122,121,120,120,120,119,118,117,1,0,0,0,0,0,0,0,0
142,142,143,143,143,144,145,145,146,146,146,147,147,147,147,147,148,149,148,149,149,149,150,150,149,149,149,149,149,148,148,148,147,147,147,146,146,145,145,145,144,143,143,143,142,142,141,140,1,0,0,0,0,0,0,0,0
139,140,140,141,142,142,142,143,143,144,144,144,144,145,145,145,146,146,146,147,147,147,147,147,146,146,147,147,147,147,147,146,145,145,145,144,143,143,143,142,142,142,142,141,139,139,139,137,1,0,0,0,0,0,0,0,0
140,142,142,142,142,142,143,143,144,144,144,145,145,146,147,147,147,147,147,147,148,148,148,148,148,148,148,148,148,147,147,147,147,146,146,145,144,144,144,143,143,142,142,142,141,141,140,138,1,0,0,0,0,0,0,0,0
141,142,142,142,143,143,143,144,144,144,145,146,146,147,147,147,147,148,148,148,148,148,148,148,148,148,148,148,148,148,148,148,147,147,147,146,145,145,144,144,143,143,143,142,142,142,140,139,1,0,0,0,0,0,0,0,0
142,142,142,143,143,143,144,144,144,144,146,146,147,147,147,148,148,148,148,149,149,148,149,149,148,148,149,149,149,149,149,148,147,148,148,146,147,146,145,144,143,143,143,143,142,142,141,139,1,0,0,0,0,0,0,0,0
142,143,143,143,143,144,144,144,145,146,147,147,147,148,148,148,149,149,149,149,149,149,150,150,150,150,150,150,150,149,149,149,149,148,148,148,147,147,146,146,144,144,143,143,143,142,142,140,1,0,0,0,0,0,0,0,0
142,143,143,143,144,144,144,145,146,146,147,147,148,148,148,149,149,149,149,150,150,150,151,151,151,151,151,151,151,150,150,150,149,148,149,148,147,147,146,147,146,145,144,143,143,143,142,141,1,0,0,0,0,0,0,0,0
143,144,144,144,144,144,145,146,147,146,147,148,148,149,148,149,150,150,150,151,151,151,152,152,152,151,151,151,152,152,152,151,150,150,149,149,149,147,148,147,147,146,146,145,143,143,143,142,1,0,0,0,0,0,0,0,0
143,144,144,144,144,145,146,147,147,148,148,148,149,149,150,150,151,151,151,152,152,151,152,152,153,153,153,153,153,152,152,152,151,151,150,149,149,149,148,148,147,147,146,145,143,143,143,142,1,0,0,0,0,0,0,0,0
143,144,144,144,145,146,147,147,147,148,148,149,149,149,150,151,152,152,152,152,153,153,153,153,152,153,153,153,153,153,153,152,152,151,151,150,149,149,148,148,148,147,147,146,145,145,143,143,1,0,0,0,0,0,0,0,0
143,144,144,145,146,147,147,147,148,148,149,149,149,149,151,152,152,152,152,153,153,152,152,154,154,154,154,154,154,153,153,153,152,151,152,151,150,149,149,149,148,148,148,146,146,145,144,143,1,0,0,0,0,0,0,0,0
144,143,145,147,146,147,147,148,148,149,149,150,150,151,152,152,152,153,153,153,153,154,154,154,154,154,154,154,154,154,154,153,153,153,152,152,151,150,149,149,148,148,148,147,147,146,144,144,1,0,0,0,0,0,0,0,0
144,141,130,146,149,148,147,148,148,149,149,151,151,152,152,152,153,153,153,153,154,154,154,155,155,155,155,155,155,154,154,154,153,153,152,152,151,151,149,149,149,148,148,148,147,147,146,144,1,0,0,0,0,0,0,0,0
144,145,117,99,117,140,150,151,149,149,150,151,152,152,152,153,153,153,154,154,154,154,154,156,156,154,156,156,156,154,154,154,153,153,153,152,152,151,150,150,149,149,148,147,147,147,146,145,1,0,0,0,0,0,0,0,0
143,145,148,141,122,99,99,126,148,154,153,151,152,152,153,153,153,154,154,154,155,155,156,156,156,145,159,159,156,156,155,154,154,154,153,153,152,152,151,151,150,149,149,148,148,147,147,145,1,0,0,0,0,0,0,0,0
141,144,146,148,150,148,127,90,79,104,138,154,157,154,153,153,153,154,154,154,155,156,156,157,153,138,122,128,156,156,156,155,154,154,153,153,152,152,151,151,150,149,148,148,148,147,147,146,1,0,0,0,0,0,0,0,0
137,141,144,146,147,149,151,156,100,19,35,69,110,142,156,158,155,154,154,154,156,156,156,158,148,88,48,62,140,158,156,155,154,154,153,153,152,152,151,151,151,150,148,148,148,147,147,146,1,0,0,0,0,0,0,0,0
133,136,138,142,145,146,147,151,85,23,49,42,30,41,71,108,140,155,159,159,157,157,158,157,126,71,53,62,128,159,156,155,154,154,153,153,152,152,152,151,151,150,149,149,148,148,147,146,1,0,0,0,0,0,0,0,0
130,131,132,134,137,139,137,136,134,128,140,143,110,47,30,36,37,63,96,128,150,159,161,125,99,69,67,77,128,158,156,156,155,154,153,153,153,152,152,151,151,150,150,148,148,148,147,146,1,0,0,0,0,0,0,0,0
129,131,132,132,133,133,135,141,150,154,154,154,156,135,131,58,21,25,25,32,46,68,106,85,88,72,77,98,144,157,156,156,156,154,154,153,153,152,152,151,151,151,150,148,148,148,147,146,1,0,0,0,0,0,0,0,0
129,130,131,132,135,138,143,148,151,151,152,152,152,153,150,116,93,51,28,31,34,33,70,53,62,80,94,123,159,160,156,156,156,154,154,153,153,152,152,152,151,151,150,149,149,147,147,146,1,0,0,0,0,0,0,0,0
130,132,133,134,139,145,147,150,151,151,151,151,148,143,140,155,160,136,123,55,32,42,45,45,65,82,81,44,82,132,157,161,157,154,154,153,153,152,152,152,151,151,150,149,149,148,148,147,1,0,0,0,0,0,0,0,0
133,135,138,139,143,147,148,149,150,149,148,145,142,141,146,153,154,158,159,141,134,108,71,38,40,55,41,32,27,33,63,106,140,156,159,156,153,153,152,152,151,151,150,149,149,148,148,147,1,0,0,0,0,0,0,0,0
135,138,142,143,145,147,147,147,147,146,142,139,140,144,150,153,154,155,156,158,160,161,121,55,46,85,57,32,31,35,30,24,36,68,106,136,154,157,156,153,151,151,150,149,149,148,148,147,1,0,0,0,0,0,0,0,0
136,139,142,145,146,147,145,144,143,142,139,139,143,148,152,153,154,155,156,156,156,156,158,150,146,156,144,111,67,70,36,39,27,16,23,34,59,92,125,146,154,155,152,150,149,148,148,147,1,0,0,0,0,0,0,0,0
138,140,143,144,146,146,144,143,141,139,140,142,146,149,151,153,154,155,156,156,156,156,156,158,158,156,158,159,152,155,128,142,90,69,81,74,57,30,33,45,78,107,127,141,148,151,150,147,1,0,0,0,0,0,0,0,0
138,142,143,144,144,144,144,143,141,141,144,147,149,150,152,153,153,155,156,156,156,156,156,156,156,156,156,156,156,155,157,155,150,152,152,155,150,118,73,11,82,122,107,105,105,111,127,144,1,0,0,0,0,0,0,0,0
138,141,142,142,143,143,143,143,142,144,147,149,150,152,153,153,153,154,155,156,156,156,156,156,156,156,156,155,155,154,153,150,148,151,154,152,152,155,121,65,130,153,152,150,143,131,126,146,1,0,0,0,0,0,0,0,0
136,138,139,140,142,142,142,142,144,146,148,150,151,152,153,153,153,154,155,156,156,156,156,156,156,156,154,154,154,153,151,148,147,151,153,152,149,143,130,130,140,142,143,146,148,149,149,146,1,0,0,0,0,0,0,0,0
135,137,138,140,141,142,142,143,145,148,149,151,152,152,153,153,153,154,155,156,156,156,156,156,155,155,154,154,154,151,149,146,147,150,150,148,141,134,124,120,127,133,138,143,147,147,147,147,1,0,0,0,0,0,0,0,0
135,137,138,140,142,142,144,146,148,149,149,151,152,152,153,153,154,154,155,155,155,156,156,154,154,154,154,154,152,150,148,147,147,147,146,142,135,130,123,118,121,128,135,142,146,147,147,147,1,0,0,0,0,0,0,0,0
136,138,138,141,143,143,145,148,148,149,149,150,152,152,153,153,154,154,154,154,154,155,155,153,154,154,153,153,152,149,148,147,145,144,143,139,134,129,124,121,121,126,132,139,144,146,147,146,1,0,0,0,0,0,0,0,0
137,138,139,141,143,144,145,147,149,149,149,151,152,152,153,153,154,154,154,154,154,154,154,154,153,153,153,152,150,147,146,144,142,141,139,135,132,129,126,123,124,127,131,136,141,144,146,147,1,0,0,0,0,0,0,0,0
137,140,141,141,143,144,147,148,149,149,149,151,151,152,153,153,153,154,154,154,154,154,154,152,153,153,152,151,149,146,144,141,139,139,136,134,132,130,129,125,125,127,131,134,138,143,145,146,1,0,0,0,0,0,0,0,0
138,140,142,143,143,145,147,148,149,148,149,151,151,152,152,153,153,153,153,154,154,152,153,153,152,151,149,149,148,145,142,140,139,138,136,134,132,132,131,130,129,130,131,134,139,143,144,145,1,0,0,0,0,0,0,0,0
139,140,142,143,144,146,147,148,148,148,149,151,151,152,152,153,153,153,152,152,153,153,151,152,151,150,148,147,146,143,141,138,137,136,134,134,134,133,133,133,133,131,132,136,139,140,143,144,1,0,0,0,0,0,0,0,0
137,140,143,143,144,146,147,148,148,149,149,151,151,152,152,152,152,153,151,152,153,152,152,151,149,148,147,146,143,141,139,137,136,136,134,134,134,134,135,136,135,134,135,137,139,140,142,144,1,0,0,0,0,0,0,0,0
137,140,142,142,144,146,147,148,148,148,149,151,151,152,152,152,152,152,151,151,152,152,151,150,148,147,146,144,142,139,138,137,136,136,134,134,135,135,137,137,135,135,137,138,139,141,143,144,1,0,0,0,0,0,0,0,0
138,141,142,142,145,146,147,147,148,148,149,151,151,152,152,152,152,152,152,152,151,150,150,148,147,146,145,143,140,138,137,137,136,136,134,135,136,137,138,137,136,137,137,139,141,142,142,143,1,0,0,0,0,0,0,0,0
139,141,143,143,144,146,147,147,147,148,149,150,150,151,152,152,152,152,152,152,151,149,149,148,146,145,144,142,139,138,137,137,136,136,135,137,137,137,138,138,139,140,140,141,142,142,142,143,1,0,0,0,0,0,0,0,0
139,141,143,144,144,144,146,147,147,148,148,149,149,151,151,151,151,150,150,151,150,148,148,147,146,144,142,140,139,138,137,137,136,136,136,137,137,138,138,140,141,142,142,142,143,143,143,143,1,0,0,0,0,0,0,0,0
143,145,147,147,147,149,149,150,151,152,153,153,154,154,154,154,155,155,154,154,154,153,151,149,149,147,145,143,143,143,142,142,141,141,141,141,142,143,144,145,147,147,147,147,148,148,148,147,1,0,0,0,0,0,0,0,0
57,57,57,57,58,59,59,59,60,60,60,61,60,60,61,61,61,61,61,61,61,60,60,59,59,58,57,56,56,56,56,56,56,56,56,56,56,56,57,58,59,58,58,58,59,59,59,58,1,0,0,0,0,0,0,0,0
0,0,0,0,0,0,0,0,0,0,0,0,0,0,0,0,0,0,0,0,0,0,0,0,0,0,0,0,0,0,0,0,0,0,0,0,0,0,0,0,0,0,0,0,0,0,0,0,1,0,0,0,0,0,0,0,0
0,0,0,0,0,0,0,0,0,0,0,0,0,0,0,0,0,0,0,0,0,0,0,0,0,0,0,0,0,0,0,0,0,0,0,0,0,0,0,0,0,0,0,0,0,0,0,0,1,0,0,0,0,0,0,0,0
