0,0,0,0,0,0,0,0,0,0,0,0,0,0,0,0,0,0,0,0,0,0,0,0,0,0,0,0,0,0,0,0,0,0,0,0,0,0,0,0,0,0,0,0,0,0,0,0,0,0,1,0,0,0,0,0,0
0,0,0,0,0,0,0,0,0,0,0,0,0,0,0,0,0,0,0,0,0,0,0,0,0,0,0,0,0,0,0,0,0,0,0,0,0,0,0,0,0,0,0,0,0,0,0,0,0,0,1,0,0,0,0,0,0
0,0,0,0,0,0,0,0,0,0,0,0,0,0,0,0,0,0,0,0,0,0,0,0,0,0,0,0,0,0,0,0,0,0,0,0,0,0,0,0,0,0,0,0,0,0,0,0,0,0,1,0,0,0,0,0,0
0,0,0,0,0,0,0,0,0,0,0,0,0,0,0,0,0,0,0,0,0,0,0,0,0,0,0,0,0,0,0,0,0,0,0,0,0,0,0,0,0,0,0,0,0,0,0,0,0,0,1,0,0,0,0,0,0
0,0,0,0,0,0,0,0,0,0,0,0,0,0,0,0,0,0,0,0,0,0,0,0,0,0,0,0,0,0,0,0,0,0,0,0,0,0,0,0,0,0,0,0,0,0,0,0,0,0,1,0,0,0,0,0,0
14,18,18,7,6,9,20,24,20,20,19,18,17,22,20,12,13,10,8,14,22,24,10,0,0,0,0,0,1,1,0,0,0,0,0,1,0,0,0,0,0,2,15,12,18,14,3,3,0,0,1,0,0,0,0,0,0
74,88,82,34,26,56,89,111,79,60,106,116,117,106,77,75,111,106,101,98,101,105,53,43,79,87,96,97,62,60,87,86,88,87,65,47,93,92,92,91,81,37,65,69,91,115,135,120,0,0,1,0,0,0,0,0,0
82,94,90,42,25,50,109,107,80,68,148,173,177,122,76,89,142,140,136,121,109,108,61,65,154,192,209,236,135,132,233,234,240,243,158,100,246,242,242,240,235,80,73,99,102,158,211,191,0,0,1,0,0,0,0,0,0
78,93,94,49,28,52,100,127,86,68,141,168,179,127,79,88,145,144,140,121,107,115,61,69,162,190,211,244,140,134,240,237,228,237,151,105,238,237,234,236,232,74,88,111,105,162,198,178,0,0,1,0,0,0,0,0,0
94,100,100,56,29,55,113,120,94,65,137,164,180,129,78,86,146,146,144,122,106,110,59,75,177,189,206,238,132,132,219,231,235,222,137,119,247,232,224,230,224,73,100,113,108,160,177,172,0,0,1,0,0,0,0,0,0
90,98,107,66,31,46,111,134,93,64,138,159,179,132,76,84,147,148,147,125,112,116,58,77,177,182,209,229,115,141,218,199,196,221,126,128,242,226,226,239,218,72,107,119,113,173,194,168,0,0,1,0,0,0,0,0,0
92,98,106,69,31,39,90,118,95,58,128,153,180,145,81,87,150,151,149,126,103,115,59,73,169,165,157,233,122,152,231,198,180,221,129,132,236,221,233,238,209,69,129,162,126,185,219,195,0,0,1,0,0,0,0,0,0
72,74,71,46,29,30,34,36,35,32,44,51,73,89,75,90,156,153,153,131,85,92,68,90,119,104,91,106,103,106,120,122,129,136,119,125,144,140,162,177,160,75,111,104,118,230,231,137,0,0,1,0,0,0,0,0,0
62,73,134,114,81,45,34,14,11,13,22,38,28,17,23,59,142,153,152,131,82,91,65,57,56,62,68,78,83,83,76,67,79,115,107,87,94,107,94,67,64,80,103,65,108,207,151,114,0,0,1,0,0,0,0,0,0
136,166,163,120,78,35,42,7,3,7,9,15,25,31,27,29,56,81,86,79,126,168,82,46,71,68,56,71,45,24,26,27,41,181,119,40,71,97,106,71,31,66,96,99,104,138,137,128,0,0,1,0,0,0,0,0,0
171,175,132,176,185,47,11,11,14,27,19,10,15,35,44,41,38,40,49,96,145,127,78,47,74,66,49,38,52,60,25,26,47,209,103,12,6,3,15,33,19,52,83,115,139,153,114,93,0,0,1,0,0,0,0,0,0
164,131,106,124,136,75,27,31,32,40,45,41,45,43,37,33,33,42,68,58,60,76,64,50,53,51,53,91,188,97,24,34,68,206,39,7,8,2,7,37,33,72,91,73,141,223,149,83,0,0,1,0,0,0,0,0,0
85,79,72,57,63,44,46,45,42,41,41,43,40,33,31,31,54,90,93,91,82,71,70,69,69,110,193,245,221,61,45,63,96,175,18,36,70,38,48,61,55,84,49,30,41,96,79,68,0,0,1,0,0,0,0,0,0
56,81,105,108,53,38,37,33,29,24,23,43,67,83,78,58,58,85,78,70,68,65,55,53,57,94,145,165,138,79,83,109,158,143,32,48,64,58,66,63,55,52,51,41,53,54,53,67,0,0,1,0,0,0,0,0,0
38,38,40,60,38,39,28,25,27,37,46,48,74,74,67,65,58,63,66,65,59,53,49,54,52,50,54,55,56,63,77,102,112,84,62,53,86,92,87,66,62,54,40,39,17,38,94,104,0,0,1,0,0,0,0,0,0
24,26,38,45,69,84,61,36,44,69,76,67,66,65,69,65,59,55,51,47,45,47,53,60,64,57,60,64,66,75,86,96,100,99,92,77,73,70,60,44,30,25,30,37,25,72,78,94,0,0,1,0,0,0,0,0,0
35,47,58,62,61,64,76,69,62,50,49,49,45,50,57,54,49,46,46,49,52,53,51,48,49,51,62,82,105,113,105,92,85,61,62,64,55,39,28,41,51,70,69,85,83,113,106,103,0,0,1,0,0,0,0,0,0
50,57,50,49,49,50,70,63,33,28,32,38,42,40,39,42,48,51,46,47,54,47,39,49,70,100,114,106,99,95,71,69,70,58,50,39,38,49,71,90,86,58,53,111,105,148,149,145,0,0,1,0,0,0,0,0,0
79,86,44,48,74,63,55,55,51,52,54,56,59,65,61,55,46,40,37,44,50,58,96,120,114,91,79,71,75,65,60,52,45,40,43,62,86,108,123,103,80,21,56,122,128,165,178,166,0,0,1,0,0,0,0,0,0
107,116,79,80,91,68,56,57,55,54,55,65,77,73,60,53,38,38,48,61,99,141,123,85,70,71,69,52,46,37,40,45,61,78,98,114,130,136,149,191,115,5,45,94,203,212,203,183,0,0,1,0,0,0,0,0,0
51,93,77,68,117,121,100,73,60,52,53,61,57,59,46,35,47,68,107,136,133,87,65,76,67,52,45,59,56,53,81,94,104,110,131,138,141,174,229,249,148,43,64,168,225,211,200,195,0,0,1,0,0,0,0,0,0
93,79,82,71,104,95,104,103,98,89,79,84,66,38,41,68,103,132,115,88,66,69,73,60,54,57,52,37,14,16,92,117,129,141,134,122,140,174,194,207,184,191,199,217,210,210,202,206,0,0,1,0,0,0,0,0,0
127,96,94,93,119,69,63,67,74,83,62,96,88,53,65,97,148,75,56,49,47,50,48,45,71,49,42,38,28,1,89,136,124,117,95,105,131,154,173,203,208,220,212,216,206,212,212,211,0,0,1,0,0,0,0,0,0
126,108,82,77,98,80,61,66,64,69,75,98,115,127,91,109,71,54,46,39,42,40,39,51,46,71,107,85,42,35,132,132,98,85,116,138,172,195,209,222,213,222,215,217,210,211,218,212,0,0,1,0,0,0,0,0,0
147,146,143,166,119,93,74,72,69,66,69,101,178,148,136,72,72,68,68,70,75,80,71,41,69,67,92,135,49,76,111,97,104,140,175,187,219,218,220,225,217,226,219,220,219,212,221,209,0,0,1,0,0,0,0,0,0
166,171,173,176,161,139,119,106,94,86,64,54,112,141,188,91,75,81,81,85,81,88,69,43,85,91,91,135,56,73,105,140,163,195,209,216,233,218,226,228,218,226,220,219,222,215,222,214,0,0,1,0,0,0,0,0,0
168,169,170,166,170,167,149,136,117,121,144,81,42,64,114,89,93,81,79,90,99,89,42,58,75,91,133,124,53,111,151,176,195,212,217,220,227,218,225,228,218,227,222,218,226,216,222,219,0,0,1,0,0,0,0,0,0
164,161,160,166,165,155,145,105,79,96,126,140,140,84,59,162,191,90,112,129,140,72,26,69,82,95,175,101,84,168,174,197,204,200,210,205,205,213,203,210,212,213,215,212,218,217,218,216,0,0,1,0,0,0,0,0,0
150,156,163,161,162,152,131,68,24,11,15,23,70,131,172,198,199,125,114,108,76,30,30,56,114,148,137,64,163,206,203,212,211,209,211,207,209,211,203,206,208,200,208,211,199,208,205,188,0,0,1,0,0,0,0,0,0
164,160,159,164,156,141,138,131,87,34,14,14,16,47,100,93,131,101,48,35,21,17,30,46,56,69,55,122,220,227,220,226,232,224,224,228,221,218,215,212,213,206,212,214,204,201,204,182,0,0,1,0,0,0,0,0,0
169,163,164,160,156,155,143,132,139,122,63,28,25,31,65,77,70,60,64,61,46,37,31,38,51,74,150,215,231,229,217,229,231,222,228,234,228,226,233,227,222,229,225,217,222,215,204,191,0,0,1,0,0,0,0,0,0
177,180,177,176,174,158,143,145,139,128,131,111,92,100,112,108,98,106,112,119,124,120,117,126,172,214,221,227,230,223,221,231,230,221,233,236,228,231,234,230,225,232,228,218,227,225,211,207,0,0,1,0,0,0,0,0,0
174,174,178,183,180,181,177,161,144,149,151,138,133,135,129,117,138,156,167,181,197,203,203,222,231,224,217,233,234,223,231,236,231,225,237,236,223,228,230,229,225,236,237,224,228,226,213,200,0,0,1,0,0,0,0,0,0
176,184,184,177,183,190,185,170,165,162,152,153,162,162,150,169,183,184,180,202,213,213,217,230,233,220,229,233,230,219,232,232,224,226,236,236,222,233,235,231,226,236,235,222,224,223,214,193,0,0,1,0,0,0,0,0,0
171,168,167,181,192,189,188,197,194,175,161,162,165,167,188,203,206,194,212,220,217,204,216,219,218,216,230,229,221,225,236,236,225,235,238,237,221,229,230,227,222,233,234,224,226,229,225,201,0,0,1,0,0,0,0,0,0
170,174,181,182,177,178,188,193,189,194,203,201,193,199,205,203,192,204,217,218,211,220,225,227,217,231,235,233,221,229,230,228,218,232,236,237,223,238,239,233,228,236,233,221,223,226,223,202,0,0,1,0,0,0,0,0,0
171,185,190,187,191,201,205,196,195,204,204,196,202,218,225,218,216,232,232,222,215,226,225,222,221,236,235,234,234,245,247,241,233,245,243,238,224,237,237,232,227,240,238,229,231,239,235,217,0,0,1,0,0,0,0,0,0
133,136,135,143,159,163,160,162,171,173,170,166,178,176,174,161,177,187,190,178,191,192,191,182,192,195,193,182,188,191,191,184,191,200,202,194,189,200,200,193,186,192,187,180,176,182,180,183,0,0,1,0,0,0,0,0,0
7,6,4,5,7,7,6,8,7,8,7,8,9,9,8,6,5,8,8,8,9,8,8,7,9,9,9,9,9,8,7,6,8,9,9,8,8,8,9,8,8,9,9,9,8,7,6,7,0,0,1,0,0,0,0,0,0
0,0,0,0,0,0,0,0,0,0,0,0,0,0,0,0,0,0,0,0,0,0,0,0,0,0,0,0,0,0,0,0,0,0,0,0,0,0,0,0,0,0,0,0,0,0,0,0,0,0,1,0,0,0,0,0,0
0,0,0,0,0,0,0,0,0,0,0,0,0,0,0,0,0,0,0,0,0,0,0,0,0,0,0,0,0,0,0,0,0,0,0,0,0,0,0,0,0,0,0,0,0,0,0,0,0,0,1,0,0,0,0,0,0
0,0,0,0,0,0,0,0,0,0,0,0,0,0,0,0,0,0,0,0,0,0,0,0,0,0,0,0,0,0,0,0,0,0,0,0,0,0,0,0,0,0,0,0,0,0,0,0,0,0,1,0,0,0,0,0,0
0,0,0,0,0,0,0,0,0,0,0,0,0,0,0,0,0,0,0,0,0,0,0,0,0,0,0,0,0,0,0,0,0,0,0,0,0,0,0,0,0,0,0,0,0,0,0,0,0,0,1,0,0,0,0,0,0
254,254,252,249,250,235,192,106,72,65,45,50,64,44,61,72,62,68,104,116,104,76,83,81,114,140,120,86,77,87,87,82,81,65,64,73,76,83,97,126,111,119,77,68,63,66,100,132,0,0,1,0,0,0,0,0,0
254,255,255,255,255,250,212,128,93,73,39,47,70,55,77,67,66,61,70,100,104,106,81,82,131,157,133,123,114,123,126,129,124,123,122,116,116,116,102,151,168,165,86,89,132,127,100,73,0,0,1,0,0,0,0,0,0
255,255,255,255,255,246,212,144,116,88,50,58,91,81,91,95,79,62,61,70,95,111,131,121,148,166,142,128,136,160,159,143,82,74,64,55,69,92,66,151,159,147,88,150,183,172,149,84,0,0,1,0,0,0,0,0,0
255,255,255,255,255,241,207,155,130,113,107,112,127,120,125,133,91,67,97,98,90,91,117,100,137,176,149,125,141,168,165,158,86,70,68,57,70,95,78,162,126,53,63,134,167,171,166,99,0,0,1,0,0,0,0,0,0
255,255,255,255,255,241,209,163,143,121,88,67,115,88,101,116,91,131,176,158,134,89,108,127,156,180,154,132,138,155,158,164,99,92,103,114,104,100,66,162,129,53,63,74,134,162,127,71,0,0,1,0,0,0,0,0,0
255,255,255,255,255,238,210,168,149,130,92,81,113,87,106,117,99,130,166,157,144,100,127,128,149,169,158,138,112,110,136,167,108,98,115,132,100,108,64,165,132,67,79,101,97,95,99,105,0,0,1,0,0,0,0,0,0
255,255,255,255,255,238,209,172,155,136,98,74,115,92,98,96,85,79,117,128,102,90,122,118,149,170,162,140,123,160,169,168,101,95,94,70,69,99,63,169,134,56,66,147,154,157,154,142,0,0,1,0,0,0,0,0,0
255,255,255,255,255,237,209,176,159,140,105,62,118,96,112,108,97,129,129,124,124,125,110,103,149,182,163,142,151,172,173,173,105,90,88,72,82,97,61,171,136,56,50,124,129,68,62,57,0,0,1,0,0,0,0,0,0
255,255,255,255,255,237,209,178,163,144,107,73,123,105,100,74,79,117,120,122,119,112,99,98,149,183,162,143,162,159,132,148,100,87,78,77,84,81,56,177,130,40,37,144,152,40,38,29,0,0,1,0,0,0,0,0,0
255,255,255,255,255,236,208,179,166,147,109,56,118,98,100,67,69,104,107,114,109,96,108,106,150,181,162,145,164,149,97,90,86,90,95,85,95,128,102,182,129,36,33,146,155,48,31,18,0,0,1,0,0,0,0,0,0
255,255,255,255,255,235,206,180,168,150,110,45,119,97,106,73,72,105,105,115,112,115,124,114,150,178,161,146,164,148,107,150,111,89,85,94,99,98,43,172,127,24,46,147,162,85,43,36,0,0,1,0,0,0,0,0,0
255,255,255,255,255,234,205,180,170,150,110,56,125,97,112,82,98,142,95,112,114,111,117,115,152,178,161,146,160,159,141,174,130,93,87,95,97,94,51,174,123,16,33,130,147,111,75,74,0,0,1,0,0,0,0,0,0
253,255,255,254,255,236,207,180,168,148,112,78,120,99,117,91,76,112,97,106,112,99,108,114,152,179,163,146,151,171,172,173,128,99,94,98,100,105,56,173,146,37,16,140,147,68,85,23,0,0,1,0,0,0,0,0,0
229,248,253,254,253,232,206,160,160,159,139,134,155,149,134,139,130,132,132,133,133,125,128,129,143,166,165,149,134,162,173,154,117,112,105,107,103,102,64,171,161,96,57,150,160,62,60,72,0,0,1,0,0,0,0,0,0
170,230,252,249,235,221,202,189,200,184,187,188,191,191,191,211,211,202,201,192,181,172,165,160,156,152,154,152,144,135,134,117,116,111,106,114,114,104,61,174,137,88,111,172,153,39,47,81,0,0,1,0,0,0,0,0,0
101,171,237,226,205,206,209,214,170,161,192,190,179,149,176,176,220,199,160,155,149,149,148,142,131,124,123,122,126,123,121,117,107,103,95,91,98,106,66,174,134,107,133,172,154,36,53,72,0,0,1,0,0,0,0,0,0
93,122,167,199,196,212,222,191,141,190,197,194,165,160,189,181,188,191,140,151,155,159,160,161,158,146,134,122,125,129,121,120,121,103,99,86,68,75,62,173,137,77,81,154,158,44,43,96,0,0,1,0,0,0,0,0,0
109,95,113,168,195,211,204,136,146,185,173,172,139,168,177,169,172,203,152,157,162,164,161,161,163,160,143,124,121,126,130,117,117,126,98,82,73,92,78,174,137,47,45,151,161,57,50,150,0,0,1,0,0,0,0,0,0
181,180,191,201,182,178,145,92,135,153,151,142,126,161,167,167,152,205,162,150,158,159,158,159,160,161,164,131,117,119,126,121,110,118,139,164,108,102,84,174,136,36,35,148,155,31,38,37,0,0,1,0,0,0,0,0,0
211,208,216,233,234,228,202,155,132,121,126,107,96,178,236,227,150,180,186,151,157,159,158,157,159,156,150,140,115,114,119,119,113,104,118,175,129,98,84,173,148,63,63,156,157,40,42,59,0,0,1,0,0,0,0,0,0
252,211,166,182,190,201,216,228,223,208,186,152,127,136,159,178,148,123,205,150,157,158,159,158,156,156,139,126,123,124,127,127,125,120,116,135,139,93,80,168,194,195,193,196,152,51,47,110,0,0,1,0,0,0,0,0,0
201,148,134,142,142,147,150,153,162,174,193,206,215,209,195,180,136,118,213,186,182,183,180,179,174,173,171,169,171,171,169,169,168,167,171,168,163,156,145,168,184,184,185,188,169,125,116,141,0,0,1,0,0,0,0,0,0
160,138,124,122,121,123,119,123,127,131,136,146,150,159,175,185,180,182,212,226,228,223,214,204,193,189,191,192,191,187,186,185,185,183,179,176,175,172,168,164,164,172,164,130,106,133,168,190,0,0,1,0,0,0,0,0,0
213,173,122,122,114,119,118,113,115,117,121,121,122,130,133,134,140,150,161,177,195,207,216,221,215,204,189,185,191,202,210,209,204,201,200,198,195,190,184,178,169,167,182,166,128,57,66,126,0,0,1,0,0,0,0,0,0
165,160,131,89,24,43,106,112,110,112,114,113,114,118,120,121,124,130,134,137,144,153,165,183,202,214,225,195,180,181,192,224,237,237,230,219,214,197,190,188,169,153,169,175,185,124,61,94,0,0,1,0,0,0,0,0,0
69,111,119,61,27,44,82,119,116,112,112,110,110,110,114,115,117,118,116,124,121,126,136,141,150,163,210,225,203,214,211,205,231,229,216,206,126,99,86,74,103,71,123,165,156,169,61,61,0,0,1,0,0,0,0,0,0
99,89,107,55,46,109,81,114,132,135,133,130,127,120,116,112,113,115,118,102,83,93,117,131,133,138,153,178,168,181,183,177,201,161,91,112,87,55,49,70,116,75,137,154,136,134,82,73,0,0,1,0,0,0,0,0,0
16,22,55,44,66,129,105,78,98,100,105,113,121,128,131,128,123,114,109,79,81,91,97,122,130,134,142,177,215,220,214,214,223,219,188,171,171,162,160,167,170,176,170,154,143,129,91,57,0,0,1,0,0,0,0,0,0
31,30,34,39,82,123,96,58,97,97,96,92,93,95,97,104,115,116,101,75,91,118,101,107,126,130,140,165,199,212,212,206,197,190,180,180,225,227,227,225,224,228,165,87,85,77,90,91,0,0,1,0,0,0,0,0,0
84,80,80,75,89,123,78,27,35,80,87,83,89,95,99,99,99,100,93,71,113,150,112,95,117,119,120,119,122,130,130,122,117,114,104,133,219,213,206,194,175,168,112,55,59,71,108,115,0,0,1,0,0,0,0,0,0
160,142,128,112,89,118,67,22,21,47,47,41,37,42,53,67,83,90,86,72,116,122,111,89,102,112,112,111,109,101,101,105,103,99,99,92,94,90,83,70,58,66,76,75,76,97,113,113,0,0,1,0,0,0,0,0,0
228,214,200,183,165,141,112,87,63,46,33,26,23,22,23,27,34,40,50,66,122,129,116,83,92,111,112,115,130,137,136,135,128,123,116,100,93,92,91,82,76,75,60,74,101,104,105,107,0,0,1,0,0,0,0,0,0
255,253,248,241,232,221,209,192,176,156,132,109,84,63,46,36,34,31,35,50,127,118,101,76,75,81,84,88,102,118,119,109,102,97,88,81,72,63,54,45,40,32,24,73,98,98,99,105,0,0,1,0,0,0,0,0,0
255,255,255,255,255,254,251,246,241,230,220,206,190,172,151,127,106,83,66,53,88,114,79,66,67,68,68,69,67,63,62,58,57,60,65,67,66,65,55,43,39,35,37,68,80,88,93,95,0,0,1,0,0,0,0,0,0
255,255,255,255,255,255,255,255,255,255,253,250,245,238,228,216,205,186,167,149,126,114,90,75,68,64,63,64,65,66,63,62,61,60,61,61,62,58,56,51,46,42,39,55,69,75,85,93,0,0,1,0,0,0,0,0,0
255,255,255,255,255,255,255,255,254,254,255,255,255,255,255,252,249,243,236,224,213,196,182,164,146,128,110,96,86,78,69,69,70,72,74,75,75,75,75,73,69,66,62,75,88,90,97,104,0,0,1,0,0,0,0,0,0
255,255,255,255,255,255,255,255,255,255,255,255,255,255,255,255,255,255,255,254,252,248,241,231,221,210,195,180,164,145,127,111,99,94,95,91,86,87,86,86,83,81,79,79,85,88,96,106,0,0,1,0,0,0,0,0,0
255,255,255,255,255,255,255,255,255,255,255,255,255,255,255,255,255,255,255,255,255,255,255,255,254,252,247,239,230,219,207,192,177,160,143,127,112,100,94,91,86,85,84,83,87,90,95,99,0,0,1,0,0,0,0,0,0
255,255,255,255,255,255,255,255,255,255,255,255,255,255,255,255,255,255,255,255,255,255,255,255,255,255,255,255,255,254,250,245,238,229,217,203,189,172,154,138,121,103,96,90,95,96,95,97,0,0,1,0,0,0,0,0,0
255,255,255,255,255,255,255,255,255,255,255,255,255,255,255,255,255,255,255,255,255,255,255,255,255,255,254,255,255,255,255,255,255,255,253,249,243,235,225,213,198,184,167,150,136,123,112,103,0,0,1,0,0,0,0,0,0
255,255,255,255,255,255,255,255,255,255,255,255,255,255,255,255,255,255,255,255,255,255,255,255,255,255,255,255,254,254,254,254,255,255,255,255,255,255,255,252,247,241,232,221,209,195,181,166,0,0,1,0,0,0,0,0,0
255,255,255,255,255,255,255,255,255,255,255,255,255,255,255,255,255,255,255,255,255,255,255,255,255,255,255,255,255,255,255,255,255,255,255,255,255,255,255,255,255,255,255,254,250,245,239,229,0,0,1,0,0,0,0,0,0
255,255,255,255,255,255,255,255,255,255,255,255,255,255,255,255,255,255,255,255,255,255,255,255,255,255,255,255,255,255,255,255,255,255,255,255,255,255,255,255,255,255,255,255,255,255,255,255,0,0,1,0,0,0,0,0,0
255,255,255,255,255,255,255,255,255,255,255,255,255,255,255,255,255,255,255,255,255,255,255,255,255,255,255,255,255,255,255,255,255,255,255,255,255,255,255,255,255,255,255,255,255,255,254,254,0,0,1,0,0,0,0,0,0
255,255,255,255,255,255,255,255,255,255,255,255,255,255,255,255,255,255,255,255,255,255,255,255,255,255,255,255,255,255,255,255,255,255,255,255,255,255,255,255,255,255,255,255,255,255,255,255,0,0,1,0,0,0,0,0,0
255,255,255,255,255,255,255,255,255,255,255,255,255,255,255,255,255,255,255,255,255,255,255,255,255,255,255,255,255,255,255,255,255,255,255,255,255,255,255,255,255,255,255,255,255,255,255,255,0,0,1,0,0,0,0,0,0
255,255,255,255,255,255,255,255,255,255,255,255,255,255,255,255,255,255,255,255,255,255,255,255,255,255,255,255,255,255,255,255,255,255,255,255,255,255,255,255,255,255,255,255,255,255,255,255,0,0,1,0,0,0,0,0,0
255,255,255,255,255,255,255,255,255,255,255,255,255,255,255,255,255,255,255,255,255,255,255,255,255,255,255,255,255,255,255,255,255,255,255,255,255,255,255,255,255,255,255,255,255,255,255,255,0,0,1,0,0,0,0,0,0
159,160,155,158,159,156,157,158,159,160,159,159,162,162,161,160,164,163,160,162,162,162,161,163,163,163,164,164,161,161,162,165,163,165,164,163,162,164,164,163,164,162,163,163,164,165,164,163,0,0,1,0,0,0,0,0,0
217,208,193,196,198,203,201,196,189,209,205,203,209,209,203,209,208,216,212,209,208,220,210,215,217,216,216,219,207,206,221,208,209,210,215,226,214,206,219,223,227,226,223,223,229,228,226,234,0,0,1,0,0,0,0,0,0
120,127,125,115,119,119,108,121,110,114,127,150,137,135,133,136,141,140,135,141,144,151,151,132,137,134,122,139,139,129,147,127,124,133,141,154,140,129,139,136,145,150,146,139,147,147,150,152,0,0,1,0,0,0,0,0,0
136,151,148,150,183,198,176,164,171,184,187,193,188,192,188,197,199,206,205,213,216,208,202,199,193,193,197,195,183,197,204,197,199,205,206,212,210,203,203,199,195,202,196,180,172,189,199,193,0,0,1,0,0,0,0,0,0
234,234,237,237,241,242,244,244,245,243,244,240,242,244,244,248,246,245,248,245,245,247,247,248,250,250,249,247,250,247,245,248,245,247,248,247,247,247,247,246,247,246,249,248,250,250,251,251,0,0,1,0,0,0,0,0,0
244,244,241,240,240,238,242,240,242,242,239,238,240,237,237,239,239,236,241,238,236,240,242,241,239,240,239,240,240,237,237,240,240,240,241,240,240,240,241,242,242,240,240,242,241,241,242,242,0,0,1,0,0,0,0,0,0
222,225,224,219,239,243,243,242,245,247,243,246,243,242,243,243,242,237,239,241,243,243,238,238,239,239,239,238,239,234,235,241,241,237,239,241,241,241,242,240,238,241,241,242,241,239,238,241,0,0,1,0,0,0,0,0,0
144,139,136,136,169,188,184,210,212,202,239,236,234,235,233,236,242,237,236,240,235,240,241,238,238,239,241,238,237,236,237,239,239,238,241,240,240,241,239,242,242,238,235,237,240,240,236,238,0,0,1,0,0,0,0,0,0
127,138,154,158,138,142,150,151,137,153,228,220,211,187,190,179,193,201,208,211,194,205,220,209,199,211,226,235,237,238,240,238,239,241,239,226,227,235,236,240,238,239,238,239,241,239,237,238,0,0,1,0,0,0,0,0,0
113,153,195,199,198,186,183,174,156,189,217,198,178,150,144,134,140,152,154,156,152,158,174,172,161,165,169,176,181,183,185,183,199,192,192,210,213,229,235,233,235,237,239,241,237,234,239,238,0,0,1,0,0,0,0,0,0
92,110,154,164,202,200,193,193,187,217,202,162,146,140,155,145,124,123,120,128,149,141,156,165,146,154,137,147,154,142,133,124,133,137,153,161,163,179,194,222,230,233,233,236,237,239,241,236,0,0,1,0,0,0,0,0,0
119,141,165,168,178,178,185,181,172,180,203,191,174,197,220,213,189,162,168,171,176,164,157,156,148,164,162,151,160,166,135,120,129,112,115,126,115,170,220,239,238,239,241,245,246,247,247,244,0,0,1,0,0,0,0,0,0
161,169,169,171,176,181,186,191,191,182,191,200,201,203,202,202,194,190,196,199,204,187,192,191,191,195,200,194,202,214,188,179,176,168,171,183,176,191,206,218,216,228,232,232,233,245,245,250,0,0,1,0,0,0,0,0,0
161,157,156,158,163,168,171,176,169,152,150,147,142,137,129,111,105,99,94,95,99,103,105,110,131,152,158,194,205,201,195,192,204,206,203,195,202,203,212,204,199,214,217,205,214,216,208,209,0,0,1,0,0,0,0,0,0
165,169,176,186,185,180,181,111,52,45,45,45,44,49,39,22,32,42,67,71,60,46,44,75,109,135,144,117,184,205,199,192,188,193,192,186,204,220,214,195,187,191,196,190,183,183,189,188,0,0,1,0,0,0,0,0,0
181,170,180,189,192,196,114,11,10,15,17,17,33,42,26,15,14,20,51,59,56,57,85,95,98,109,114,103,117,149,200,222,197,169,165,186,217,229,221,225,209,196,197,202,196,203,213,216,0,0,1,0,0,0,0,0,0
182,178,184,181,181,116,14,9,11,12,12,27,57,72,71,65,32,26,17,20,49,63,65,85,110,151,122,102,124,159,185,214,219,198,202,210,210,204,210,231,234,232,224,228,225,231,218,217,0,0,1,0,0,0,0,0,0
161,161,166,152,104,18,8,12,11,9,5,15,30,17,17,38,42,42,29,17,66,42,43,91,120,148,144,139,156,168,176,197,215,228,223,218,209,204,201,206,207,210,211,222,225,215,199,196,0,0,1,0,0,0,0,0,0
128,127,134,127,45,20,15,9,5,12,19,11,20,25,12,23,24,42,59,29,57,43,25,75,107,144,156,149,136,138,166,183,188,215,222,188,187,183,184,193,183,190,190,192,192,191,194,195,0,0,1,0,0,0,0,0,0
108,110,91,60,59,71,77,74,66,62,77,57,46,57,46,32,17,19,35,76,63,35,42,62,103,126,112,120,117,120,133,158,166,169,195,194,154,156,164,149,147,154,160,164,169,176,187,181,0,0,1,0,0,0,0,0,0
126,104,16,8,11,9,13,21,35,40,48,62,76,93,101,102,97,83,60,47,46,62,90,66,96,95,85,82,69,64,78,101,106,100,118,179,185,194,175,132,115,103,116,103,122,148,169,154,0,0,1,0,0,0,0,0,0
120,57,0,2,18,8,2,0,1,0,0,17,36,20,16,23,34,52,57,11,13,23,92,110,138,122,113,116,118,134,159,177,196,212,214,228,237,244,241,246,230,197,166,136,114,112,131,131,0,0,1,0,0,0,0,0,0
100,36,6,21,21,6,0,0,0,0,0,11,33,16,0,0,0,0,0,3,4,5,10,25,53,82,88,113,135,157,169,182,197,207,209,214,209,203,202,207,223,242,246,224,179,165,116,118,0,0,1,0,0,0,0,0,0
98,29,5,7,13,20,10,1,4,4,4,3,1,1,2,1,0,0,0,0,0,0,0,0,26,53,35,8,18,66,123,122,115,133,204,209,208,176,148,144,134,137,160,191,203,221,156,111,0,0,1,0,0,0,0,0,0
79,3,14,47,24,9,16,9,5,6,6,6,8,8,9,9,9,9,8,7,5,4,6,5,2,0,5,17,35,66,90,92,94,133,225,210,188,181,75,59,65,79,102,127,153,202,215,117,0,0,1,0,0,0,0,0,0
89,17,81,91,74,41,7,11,3,2,3,2,3,5,5,6,7,9,11,12,12,14,15,13,11,3,9,28,29,36,48,65,71,85,173,223,212,216,101,63,118,98,84,74,72,81,173,150,0,0,1,0,0,0,0,0,0
117,34,95,103,90,50,12,8,3,1,2,1,2,3,2,4,4,4,5,7,8,8,10,11,12,13,14,6,5,14,12,17,45,56,63,132,175,186,106,159,73,33,43,54,68,88,152,174,0,0,1,0,0,0,0,0,0
131,59,93,94,92,78,16,2,3,0,0,1,1,1,1,1,1,2,3,2,3,4,4,4,6,10,5,9,40,56,71,30,12,37,39,44,70,70,65,135,108,109,117,131,145,163,152,118,0,0,1,0,0,0,0,0,0
174,86,77,101,118,81,8,0,3,7,4,3,1,1,1,0,0,1,1,1,1,2,2,2,3,8,4,39,116,79,88,65,38,12,34,27,44,44,51,71,96,80,101,170,180,192,115,80,0,0,1,0,0,0,0,0,0
196,114,92,76,130,76,0,12,29,13,10,10,12,14,15,14,11,8,6,5,3,2,2,1,3,4,9,69,78,115,101,100,46,11,19,25,21,44,14,24,31,16,59,153,133,110,56,75,0,0,1,0,0,0,0,0,0
183,160,66,59,58,6,2,94,142,93,73,64,66,39,11,9,13,14,17,20,16,12,10,9,6,3,11,105,117,89,86,122,107,17,8,13,15,80,31,12,13,26,37,39,28,29,58,98,0,0,1,0,0,0,0,0,0
178,171,131,65,39,31,67,105,103,101,86,81,73,49,4,0,0,0,0,22,39,38,29,16,6,5,7,79,75,104,110,117,68,17,4,7,7,13,27,30,25,23,27,28,35,64,125,144,0,0,1,0,0,0,0,0,0
169,159,154,151,136,127,126,123,120,116,110,100,84,66,47,31,22,14,8,12,33,41,45,41,39,49,42,61,116,70,102,124,62,6,8,7,7,12,27,41,34,19,17,35,103,153,172,174,0,0,1,0,0,0,0,0,0
162,157,155,150,149,144,144,142,143,141,139,134,132,126,121,113,104,94,83,75,71,63,57,49,40,39,42,20,65,95,114,69,16,4,48,44,26,31,41,25,15,10,15,69,134,164,175,175,0,0,1,0,0,0,0,0,0
167,161,159,160,158,152,150,146,147,150,146,145,145,143,142,142,139,137,131,128,126,125,120,116,106,96,87,75,43,41,35,9,8,28,46,51,55,73,58,36,38,47,53,63,87,123,147,157,0,0,1,0,0,0,0,0,0
171,175,176,175,169,161,159,157,152,156,153,152,154,154,150,152,149,149,147,146,146,150,148,147,143,142,141,141,140,128,124,115,107,105,100,97,97,98,94,93,99,104,109,114,126,141,160,172,0,0,1,0,0,0,0,0,0
172,174,172,170,167,165,164,160,162,162,159,165,172,174,168,160,156,155,152,155,156,158,156,156,152,152,161,165,170,172,175,177,171,158,151,141,138,135,136,134,137,138,138,143,149,157,168,179,0,0,1,0,0,0,0,0,0
177,176,177,176,178,175,175,175,175,173,174,169,166,170,169,167,164,163,163,165,162,162,166,169,165,168,172,173,175,175,175,175,178,174,172,171,169,164,164,163,167,164,166,173,181,189,194,194,0,0,1,0,0,0,0,0,0
86,85,87,86,87,88,88,88,88,88,89,86,84,86,88,86,85,84,83,84,81,81,80,82,82,84,84,81,84,89,86,89,89,90,90,91,90,88,88,87,90,88,92,96,98,98,97,97,0,0,1,0,0,0,0,0,0
0,0,0,0,0,0,0,0,0,0,0,0,0,0,0,0,0,0,0,0,0,0,0,0,0,0,0,0,0,0,0,0,0,0,0,0,0,0,0,0,0,0,0,0,0,0,0,0,0,0,1,0,0,0,0,0,0
0,0,0,0,0,0,0,0,0,0,0,0,0,0,0,0,0,0,0,0,0,0,0,0,0,0,0,0,0,0,0,0,0,0,0,0,0,0,0,0,0,0,0,0,0,0,0,0,0,0,1,0,0,0,0,0,0
0,0,0,0,0,0,0,0,0,0,0,0,0,0,0,0,0,0,0,0,0,0,0,0,0,0,0,0,0,0,0,0,0,0,0,0,0,0,0,0,0,0,0,0,0,0,0,0,0,0,1,0,0,0,0,0,0
0,0,0,0,0,0,0,0,0,0,0,0,0,0,0,0,0,0,0,0,0,0,0,0,0,0,0,0,0,0,0,0,0,0,0,0,0,0,0,0,0,0,0,0,0,0,0,0,0,0,1,0,0,0,0,0,0
0,0,0,0,0,0,0,0,0,0,0,0,0,0,0,0,0,0,0,0,0,0,0,0,0,0,0,0,0,0,0,0,0,0,0,0,0,0,0,0,0,0,0,0,0,0,0,0,0,0,1,0,0,0,0,0,0
0,0,0,0,0,0,0,0,0,0,0,0,0,0,0,0,0,0,0,0,0,0,0,0,0,0,0,0,0,0,0,0,0,0,0,0,0,0,0,0,0,0,0,0,0,0,0,0,0,0,1,0,0,0,0,0,0
0,0,0,0,0,0,0,0,0,0,0,0,0,0,0,0,0,0,0,0,0,0,0,0,0,0,0,0,0,0,0,0,0,0,0,0,0,0,0,0,0,0,0,0,0,0,0,0,0,0,1,0,0,0,0,0,0
0,0,0,0,0,0,0,0,0,0,0,0,0,0,0,0,0,0,0,0,0,0,0,0,0,0,0,0,0,0,0,0,0,0,0,0,0,0,0,0,0,0,0,0,0,0,0,0,0,0,1,0,0,0,0,0,0
0,0,0,0,0,0,0,0,0,0,0,0,0,0,0,0,0,0,0,0,0,0,0,0,0,0,0,0,0,0,0,0,0,0,0,0,0,0,0,0,0,0,0,0,0,0,0,0,0,0,1,0,0,0,0,0,0
126,138,157,185,192,173,214,250,251,251,252,251,251,252,251,249,250,251,249,250,254,230,115,87,94,87,89,112,199,255,254,255,255,255,205,85,61,75,69,44,47,41,32,37,36,56,47,29,0,0,1,0,0,0,0,0,0
136,139,141,140,150,147,199,247,245,246,250,251,251,251,252,253,253,254,253,239,220,210,119,87,97,85,93,82,113,220,255,251,255,186,125,77,75,80,50,44,45,41,35,28,33,49,29,26,0,0,1,0,0,0,0,0,0
107,135,145,141,182,218,228,240,241,240,241,245,246,237,241,249,248,250,255,185,103,147,193,148,85,85,107,117,149,249,252,165,166,187,82,68,65,57,50,38,60,52,38,37,50,47,38,27,0,0,1,0,0,0,0,0,0
113,117,116,162,223,240,243,244,245,246,239,215,178,122,167,168,134,147,154,110,83,98,124,144,140,72,97,103,181,255,252,143,97,103,67,55,53,44,45,39,41,39,35,68,45,22,30,28,0,0,1,0,0,0,0,0,0
80,146,156,175,249,250,254,255,243,224,155,81,77,68,88,104,80,67,71,68,64,67,82,101,142,86,177,184,173,190,186,185,104,91,78,58,51,48,37,35,57,35,30,36,25,24,24,27,0,0,1,0,0,0,0,0,0
151,164,199,196,235,249,255,177,117,83,67,59,65,69,68,68,62,53,54,49,49,44,65,130,86,78,144,128,164,181,168,175,152,95,69,52,44,38,40,53,66,42,33,30,27,25,26,36,0,0,1,0,0,0,0,0,0
149,134,144,214,233,221,185,86,52,55,58,68,66,63,60,47,49,51,48,45,41,65,55,46,53,58,94,186,255,255,255,239,221,119,60,44,38,34,39,51,45,38,31,30,31,31,33,37,0,0,1,0,0,0,0,0,0
106,128,155,224,220,110,56,46,48,51,61,65,64,60,51,62,88,46,44,41,41,51,43,45,48,51,174,247,252,251,249,253,242,214,151,59,45,35,34,50,45,30,22,25,32,38,33,37,0,0,1,0,0,0,0,0,0
82,95,103,164,194,71,42,38,43,53,55,49,45,44,44,57,80,40,36,36,34,35,69,70,88,72,151,132,160,215,243,249,245,250,239,127,59,46,37,43,37,27,24,26,30,29,29,34,0,0,1,0,0,0,0,0,0
75,83,89,78,89,55,37,34,41,47,43,38,33,30,35,41,57,36,39,47,57,126,182,137,113,100,86,77,84,133,212,217,246,242,248,187,61,41,39,41,35,28,26,27,27,23,35,34,0,0,1,0,0,0,0,0,0
64,71,73,67,52,34,36,37,39,37,37,31,39,39,25,33,53,24,37,49,135,156,104,80,71,64,64,80,77,68,79,102,196,138,127,161,77,43,39,35,34,26,25,24,27,65,45,39,0,0,1,0,0,0,0,0,0
57,61,61,62,54,42,35,37,32,39,41,44,66,72,45,46,91,62,43,51,93,82,82,89,91,76,94,91,77,74,84,93,100,93,92,91,77,50,32,29,36,33,23,24,38,79,60,52,0,0,1,0,0,0,0,0,0
50,82,70,55,73,79,86,76,42,41,48,44,62,64,65,51,88,65,41,55,67,91,87,90,87,75,70,69,58,92,99,96,108,99,91,75,52,46,23,31,37,30,32,34,84,107,103,99,0,0,1,0,0,0,0,0,0
60,126,155,122,108,127,117,103,76,79,98,68,39,59,69,43,76,55,44,57,62,77,108,145,145,126,128,136,140,173,183,175,165,153,139,122,95,72,51,51,40,29,49,46,65,60,92,123,0,0,1,0,0,0,0,0,0
79,108,121,133,130,129,73,110,111,109,106,101,93,83,89,85,96,76,69,99,135,150,161,171,189,211,210,199,185,170,158,156,161,158,159,161,165,163,163,153,139,126,105,87,73,59,97,129,0,0,1,0,0,0,0,0,0
93,90,72,71,93,97,89,115,123,129,134,136,136,142,142,130,111,142,163,188,188,180,175,179,176,145,97,71,92,100,88,71,104,134,133,129,126,126,108,127,147,158,193,177,83,60,102,133,0,0,1,0,0,0,0,0,0
89,87,93,95,100,103,104,105,106,109,110,111,111,117,119,126,165,195,191,183,181,184,186,151,107,40,29,48,64,112,114,90,109,154,159,148,143,143,114,104,146,151,172,204,99,94,106,117,0,0,1,0,0,0,0,0,0
74,84,86,90,92,92,95,96,97,99,99,99,100,109,148,196,194,179,173,173,182,175,129,114,88,30,43,70,39,29,49,83,106,153,162,166,164,163,144,100,154,182,152,226,167,117,118,113,0,0,1,0,0,0,0,0,0
88,93,94,97,95,94,99,100,100,98,101,110,104,153,212,188,161,152,155,179,156,86,69,84,58,24,28,33,31,23,23,67,99,131,140,140,137,144,130,91,124,151,168,221,213,153,154,152,0,0,1,0,0,0,0,0,0
89,88,88,97,99,96,95,99,112,135,124,110,126,142,129,118,113,142,180,132,89,73,76,53,21,22,25,36,43,59,57,68,80,101,106,108,110,116,119,134,169,204,211,218,204,137,156,159,0,0,1,0,0,0,0,0,0
74,79,91,94,100,111,132,158,185,191,176,138,115,101,86,100,153,177,104,95,84,96,156,158,41,45,74,93,110,133,132,131,136,160,171,184,194,207,213,211,213,219,215,205,198,136,116,117,0,0,1,0,0,0,0,0,0
46,73,88,92,106,145,180,173,157,153,164,176,173,169,173,191,198,143,70,97,89,71,104,138,164,183,195,204,206,202,203,209,211,214,208,200,194,189,173,168,158,152,151,143,133,108,102,102,0,0,1,0,0,0,0,0,0
49,64,82,96,106,133,143,140,144,168,168,182,187,191,201,206,199,202,205,194,190,119,158,198,197,189,183,178,165,160,158,143,141,142,138,135,133,131,130,135,137,139,149,152,151,119,107,117,0,0,1,0,0,0,0,0,0
56,70,98,101,115,122,125,130,179,196,178,183,184,187,189,184,178,170,162,144,143,138,132,130,128,126,126,124,124,127,127,123,120,124,124,124,124,125,129,138,157,172,182,188,172,154,113,97,0,0,1,0,0,0,0,0,0
78,115,84,77,122,142,137,141,138,138,152,156,163,171,166,154,136,126,122,113,115,115,116,116,116,116,116,116,116,116,116,115,113,117,116,116,116,120,125,130,109,72,58,86,129,121,103,93,0,0,1,0,0,0,0,0,0
78,105,80,97,121,139,140,128,101,148,171,181,177,160,146,145,143,130,114,105,108,108,108,108,108,108,108,108,108,108,108,107,106,109,107,107,109,112,114,92,44,54,70,26,61,111,124,132,0,0,1,0,0,0,0,0,0
69,77,127,145,147,153,147,138,142,146,146,95,48,33,30,33,48,98,115,99,102,101,101,101,101,101,101,101,100,100,100,99,99,100,99,100,101,102,99,46,78,106,123,60,45,117,133,133,0,0,1,0,0,0,0,0,0
78,66,95,113,127,126,113,106,106,107,58,20,31,47,51,43,29,26,94,97,94,95,94,94,95,95,95,97,97,99,101,101,103,107,108,108,102,97,75,31,63,117,100,77,78,124,139,140,0,0,1,0,0,0,0,0,0
127,115,75,78,84,84,80,80,85,68,17,37,55,72,86,60,47,22,55,97,95,99,102,104,108,112,114,115,114,113,113,112,112,115,120,130,137,139,88,33,82,116,116,84,115,151,151,150,0,0,1,0,0,0,0,0,0
120,97,64,81,80,85,84,82,85,37,18,63,82,88,99,70,71,24,40,110,108,107,109,111,116,120,125,130,135,140,143,143,140,135,128,114,91,73,46,20,77,106,117,75,102,115,129,144,0,0,1,0,0,0,0,0,0
97,85,82,88,88,90,90,92,86,24,25,68,85,102,96,77,66,25,37,122,149,146,142,138,132,121,109,97,83,68,55,43,34,28,25,26,29,29,27,24,38,70,67,95,116,120,122,121,0,0,1,0,0,0,0,0,0
90,74,74,95,104,106,107,108,95,20,26,81,81,109,94,76,69,21,22,49,52,47,35,29,25,23,23,27,31,37,44,52,59,67,74,81,88,94,98,98,101,108,123,129,130,132,135,140,0,0,1,0,0,0,0,0,0
97,79,58,53,64,67,62,60,50,11,16,73,109,90,91,97,42,24,26,26,31,37,44,52,61,70,79,89,95,102,109,112,115,121,125,119,115,120,122,123,126,128,129,128,123,116,108,100,0,0,1,0,0,0,0,0,0
110,101,85,65,47,37,31,28,26,20,13,18,57,95,76,39,43,63,73,79,84,92,97,101,106,114,114,118,122,127,131,129,130,131,130,128,128,127,120,114,104,95,90,85,80,80,80,78,0,0,1,0,0,0,0,0,0
118,114,109,103,95,85,79,80,80,78,73,67,66,71,80,93,104,107,110,112,115,119,116,117,119,123,125,127,127,124,121,123,122,116,110,110,103,92,82,79,77,77,79,78,78,80,83,86,0,0,1,0,0,0,0,0,0
121,119,120,122,122,119,114,116,116,117,119,122,124,124,125,122,121,123,125,124,126,124,121,119,117,115,111,104,99,92,89,88,82,80,79,78,76,74,73,75,75,75,77,80,80,78,78,84,0,0,1,0,0,0,0,0,0
124,127,128,130,130,129,127,126,125,125,125,127,127,127,127,125,128,125,123,116,102,89,87,80,75,73,69,67,67,66,67,68,69,70,70,75,76,75,75,74,74,73,76,78,78,81,80,81,0,0,1,0,0,0,0,0,0
127,132,131,133,133,131,128,128,127,125,127,123,113,103,97,89,87,75,71,63,60,60,62,63,62,67,68,70,71,69,71,73,71,68,67,70,73,72,73,73,72,72,75,75,79,81,83,85,0,0,1,0,0,0,0,0,0
125,124,120,119,111,98,90,91,83,82,83,72,66,63,62,59,61,61,62,64,64,68,66,65,66,65,69,74,72,72,70,75,75,74,74,72,69,69,71,72,72,80,82,79,81,82,82,81,0,0,1,0,0,0,0,0,0
87,84,80,73,73,75,73,75,79,77,69,67,66,68,71,66,64,69,65,66,68,72,74,72,77,78,76,72,73,72,68,75,80,84,83,79,77,76,76,77,82,88,85,83,85,86,86,80,0,0,1,0,0,0,0,0,0
24,25,26,25,28,30,30,29,31,32,28,26,26,26,27,26,24,27,27,25,25,28,30,31,33,34,32,27,28,29,29,30,32,35,34,31,30,30,31,32,32,33,32,32,34,33,34,34,0,0,1,0,0,0,0,0,0
0,0,0,0,0,0,0,0,0,0,0,0,0,0,0,0,0,0,0,0,0,0,0,0,0,0,0,0,0,0,0,0,0,0,0,0,0,0,0,0,0,0,0,0,0,0,0,0,0,0,1,0,0,0,0,0,0
0,0,0,0,0,0,0,0,0,0,0,0,0,0,0,0,0,0,0,0,0,0,0,0,0,0,0,0,0,0,0,0,0,0,0,0,0,0,0,0,0,0,0,0,0,0,0,0,0,0,1,0,0,0,0,0,0
0,0,0,0,0,0,0,0,0,0,0,0,0,0,0,0,0,0,0,0,0,0,0,0,0,0,0,0,0,0,0,0,0,0,0,0,0,0,0,0,0,0,0,0,0,0,0,0,0,0,1,0,0,0,0,0,0
0,0,0,0,0,0,0,0,0,0,0,0,0,0,0,0,0,0,0,0,0,0,0,0,0,0,0,0,0,0,0,0,0,0,0,0,0,0,0,0,0,0,0,0,0,0,0,0,0,0,1,0,0,0,0,0,0
0,0,0,0,0,0,0,0,0,0,0,0,0,0,0,0,0,0,0,0,0,0,0,0,0,0,0,0,0,0,0,0,0,0,0,0,0,0,0,0,0,0,0,0,0,0,0,0,0,0,1,0,0,0,0,0,0
0,0,0,0,0,0,0,0,0,0,0,0,0,0,0,0,0,0,0,0,0,0,0,0,0,0,0,0,0,0,0,0,0,0,0,0,0,0,0,0,0,0,0,0,0,0,0,0,0,0,1,0,0,0,0,0,0
0,0,0,0,0,0,0,0,0,0,0,0,0,0,0,0,0,0,0,0,0,0,0,0,0,0,0,0,0,0,0,0,0,0,0,0,0,0,0,0,0,0,0,0,0,0,0,0,0,0,1,0,0,0,0,0,0
