145,154,161,166,171,180,188,191,190,189,189,188,187,188,181,166,161,169,164,159,153,145,136,127,118,108,99,91,86,84,84,85,89,96,105,113,119,125,131,137,143,148,152,155,158,157,155,150,0,1,0,0,0,0,0,0,0
153,162,167,170,176,185,193,194,193,191,181,175,178,162,143,142,157,165,163,160,153,146,138,130,120,110,101,92,85,81,79,79,82,89,98,106,113,122,128,132,138,142,146,150,151,150,147,145,0,1,0,0,0,0,0,0,0
158,167,171,172,179,188,193,194,193,169,145,150,147,141,133,125,140,155,161,158,152,145,138,129,120,111,102,94,84,78,76,76,79,85,93,101,111,119,124,128,132,135,138,142,146,145,142,140,0,1,0,0,0,0,0,0,0
162,169,170,172,179,188,194,180,148,137,135,137,130,119,103,98,108,129,151,155,150,145,137,127,119,111,103,95,85,76,74,76,79,84,91,99,109,117,122,126,129,129,130,133,137,139,138,136,0,1,0,0,0,0,0,0,0
166,165,164,166,174,184,178,131,114,121,121,107,101,104,103,107,103,106,129,155,148,142,134,127,119,113,106,98,90,81,78,79,81,86,92,100,109,116,119,123,124,123,124,126,128,128,129,129,0,1,0,0,0,0,0,0,0
166,162,160,161,170,168,127,103,97,84,62,56,57,62,67,71,74,64,82,139,147,139,132,126,121,116,110,103,95,87,86,86,87,91,96,102,110,116,118,119,120,119,118,118,117,116,117,118,0,1,0,0,0,0,0,0,0
163,158,155,157,164,138,106,90,74,28,16,13,18,21,23,25,27,35,46,111,145,136,129,125,121,117,112,106,98,95,94,94,96,99,103,108,112,114,116,115,115,114,111,109,106,105,106,108,0,1,0,0,0,0,0,0,0
159,152,149,150,153,122,102,74,32,13,12,17,33,43,34,43,46,49,36,62,122,135,127,123,121,117,113,107,102,101,100,101,104,107,110,115,117,117,115,112,107,105,103,100,98,97,99,99,0,1,0,0,0,0,0,0,0
153,149,154,166,160,101,59,38,31,31,38,41,54,41,39,44,40,33,27,36,69,126,126,123,121,117,113,108,106,106,107,109,112,115,118,121,124,123,118,112,105,101,98,95,92,91,92,94,0,1,0,0,0,0,0,0,0
147,143,117,86,64,45,37,47,61,61,69,63,91,83,66,29,28,21,21,24,38,79,124,123,120,115,111,110,111,113,114,117,119,122,125,127,130,127,122,115,108,102,97,93,91,88,88,89,0,1,0,0,0,0,0,0,0
133,99,81,89,107,109,95,71,68,62,61,70,82,87,54,26,24,25,28,30,38,53,111,122,119,116,114,115,117,119,121,123,126,128,130,131,133,131,127,121,115,109,103,97,93,90,89,90,0,1,0,0,0,0,0,0,0
132,127,128,131,137,143,140,101,69,62,65,55,70,64,48,60,73,63,53,53,51,49,82,122,120,118,118,119,121,124,126,128,130,132,134,134,134,133,129,124,119,113,106,99,94,91,90,90,0,1,0,0,0,0,0,0,0
128,120,116,118,126,134,138,135,91,69,70,66,63,53,63,90,106,105,126,84,42,55,70,107,123,121,120,122,126,130,132,133,133,133,133,133,133,131,127,122,118,111,105,98,92,90,88,87,0,1,0,0,0,0,0,0,0
123,114,110,113,120,128,133,134,126,90,78,61,55,55,69,95,107,118,119,78,69,66,59,65,87,120,123,126,131,133,133,132,131,130,129,129,128,127,124,120,114,107,101,96,92,89,87,85,0,1,0,0,0,0,0,0,0
118,109,105,108,116,124,130,132,135,107,71,53,52,65,74,83,88,95,94,58,40,47,53,57,42,67,117,131,131,131,131,129,126,124,125,125,124,123,120,115,110,104,98,94,91,89,87,84,0,1,0,0,0,0,0,0,0
115,106,103,104,111,120,128,130,132,112,70,64,69,82,84,86,85,76,67,52,28,18,19,28,31,29,57,117,130,128,128,124,120,120,121,121,119,117,114,110,106,102,97,92,89,87,85,82,0,1,0,0,0,0,0,0,0
112,103,101,101,105,115,124,127,126,102,81,76,85,88,73,73,75,69,49,38,29,19,15,15,24,29,17,54,120,125,121,118,116,116,116,115,114,112,110,107,105,102,98,93,88,85,83,81,0,1,0,0,0,0,0,0,0
108,102,99,98,101,110,120,124,123,86,77,81,78,81,71,67,63,61,54,35,26,20,17,15,14,26,30,21,71,121,116,113,111,111,110,109,109,107,107,105,103,100,98,96,90,85,81,79,0,1,0,0,0,0,0,0,0
108,101,97,95,97,106,116,121,122,74,75,86,79,72,77,68,59,56,52,40,28,23,13,15,17,13,21,25,31,100,113,108,107,105,103,101,102,103,101,99,98,97,95,94,90,84,82,80,0,1,0,0,0,0,0,0,0
108,102,96,93,95,103,112,117,120,64,76,85,76,70,66,68,61,56,46,42,37,31,19,9,14,17,17,16,14,54,106,103,100,99,95,94,96,97,95,93,91,90,87,87,86,82,80,79,0,1,0,0,0,0,0,0,0
109,102,95,94,95,100,108,113,120,70,62,81,66,62,65,60,54,52,47,43,41,35,27,13,10,12,13,17,19,17,68,100,94,89,87,89,92,94,93,92,90,88,86,85,86,84,82,81,0,1,0,0,0,0,0,0,0
111,100,95,95,96,99,104,111,119,91,52,77,65,60,63,54,50,53,51,48,41,36,27,25,14,9,10,10,11,14,24,75,88,83,83,86,90,94,95,95,93,91,88,88,90,89,88,89,0,1,0,0,0,0,0,0,0
173,140,117,101,100,100,102,106,115,118,59,70,77,68,60,52,48,52,55,47,40,37,31,25,30,16,10,13,11,9,8,31,81,83,84,86,90,94,95,95,93,90,88,91,95,97,98,100,0,1,0,0,0,0,0,0,0
218,207,199,148,101,93,98,104,117,131,104,61,73,63,55,50,53,51,52,44,41,38,34,30,24,24,12,12,14,13,10,12,52,85,84,85,88,90,90,90,90,89,91,97,103,106,108,110,0,1,0,0,0,0,0,0,0
206,203,214,163,127,74,86,107,117,125,132,105,75,63,59,53,62,52,47,43,41,40,37,37,27,20,14,11,11,12,15,15,26,74,82,82,83,86,90,93,95,98,104,110,117,120,120,165,0,1,0,0,0,0,0,0,0
172,179,182,131,86,81,85,108,112,117,124,130,105,67,60,63,64,52,47,43,43,42,36,38,35,27,21,14,10,9,10,10,12,48,80,79,84,91,97,101,106,111,117,132,114,98,148,154,0,1,0,0,0,0,0,0,0
126,151,146,74,37,19,44,107,108,112,119,125,126,89,60,56,59,51,51,48,50,49,40,38,38,36,33,30,13,10,12,9,10,22,73,88,96,102,107,113,120,126,133,134,100,54,72,53,0,1,0,0,0,0,0,0,0
154,141,97,68,52,38,76,118,108,110,118,126,132,128,81,55,50,46,42,50,51,46,46,50,45,42,34,37,29,12,8,9,10,11,59,106,110,116,121,129,136,142,148,154,94,36,33,31,0,1,0,0,0,0,0,0,0
161,160,117,92,119,97,102,131,119,109,117,127,134,141,133,81,51,43,39,44,47,38,43,43,45,44,35,34,36,25,14,15,9,9,33,115,127,132,138,145,151,158,161,165,132,45,35,36,0,1,0,0,0,0,0,0,0
165,166,157,113,113,132,133,150,168,133,112,124,134,142,144,139,88,43,36,36,35,39,57,52,41,39,35,39,35,29,61,63,6,10,10,97,147,148,152,156,163,168,168,177,144,52,42,42,0,1,0,0,0,0,0,0,0
168,167,162,142,99,116,138,178,203,203,154,126,130,136,140,142,132,65,35,34,33,36,50,50,44,33,26,39,44,36,113,98,5,9,7,58,159,160,163,167,172,174,180,191,131,66,44,71,0,1,0,0,0,0,0,0,0
165,164,159,152,126,102,139,160,196,221,209,182,173,135,114,79,57,44,53,59,58,56,82,88,90,35,21,52,55,49,119,97,27,14,10,28,154,173,173,177,176,184,202,154,78,48,43,118,0,1,0,0,0,0,0,0,0
157,157,155,146,136,117,112,133,173,202,216,215,204,133,50,10,58,113,120,117,117,101,110,112,63,25,62,80,67,57,102,98,50,37,15,16,130,184,178,179,185,194,166,88,51,28,85,165,0,1,0,0,0,0,0,0,0
149,147,144,139,130,121,109,98,108,153,183,204,198,102,43,49,73,116,122,120,127,125,118,58,36,83,103,79,65,64,79,73,54,50,33,8,55,174,180,190,199,169,109,67,47,34,162,177,0,1,0,0,0,0,0,0,0
140,137,134,133,130,123,115,106,99,103,117,159,163,74,95,162,155,137,121,111,103,90,45,60,114,135,154,138,93,65,81,66,55,53,44,28,38,172,206,194,161,105,78,40,23,42,105,68,0,1,0,0,0,0,0,0,0
134,132,129,130,131,127,120,111,105,102,93,99,101,62,106,171,188,171,161,123,74,48,36,118,145,154,163,174,174,126,118,76,52,71,126,104,106,138,178,138,90,68,56,34,32,41,35,52,0,1,0,0,0,0,0,0,0
132,130,129,130,132,131,125,117,111,109,107,104,95,57,76,105,143,167,151,72,71,64,124,162,170,167,170,178,185,189,113,80,107,177,203,121,88,38,68,66,60,50,25,24,40,68,102,116,0,1,0,0,0,0,0,0,0
129,130,130,131,132,133,130,125,120,114,109,104,102,80,82,85,88,109,102,116,79,105,195,222,227,223,225,222,211,203,190,204,216,203,141,63,44,27,33,45,44,32,59,94,116,122,121,118,0,1,0,0,0,0,0,0,0
130,130,129,129,131,135,136,132,127,119,112,105,99,99,101,104,108,106,96,83,54,105,138,181,209,225,226,224,215,207,199,186,154,118,104,64,44,36,38,44,58,106,130,126,123,126,127,125,0,1,0,0,0,0,0,0,0
128,127,127,128,132,137,140,138,132,124,114,106,99,97,101,107,114,125,135,112,82,84,44,90,154,197,192,181,173,160,138,115,82,58,51,62,57,46,40,39,78,128,125,125,134,139,137,133,0,1,0,0,0,0,0,0,0
126,127,129,132,136,138,141,139,135,127,117,108,99,95,99,106,114,125,138,141,134,148,114,70,90,129,125,117,106,103,91,71,59,55,81,92,44,33,34,34,39,80,127,137,143,144,140,134,0,1,0,0,0,0,0,0,0
128,131,132,134,136,138,138,138,136,128,118,109,99,94,94,103,113,124,135,145,152,160,166,157,129,114,105,97,97,99,81,74,35,59,146,136,84,35,32,35,34,41,95,142,145,144,140,133,0,1,0,0,0,0,0,0,0
132,132,132,132,134,135,135,135,134,128,119,107,98,92,91,98,109,121,131,142,152,160,161,161,167,172,170,166,166,159,143,120,57,63,132,129,119,66,35,34,35,32,43,105,143,140,137,132,0,1,0,0,0,0,0,0,0
135,132,129,129,131,132,132,131,130,126,118,107,96,90,89,93,102,113,125,136,148,157,159,157,159,161,161,160,158,153,150,146,119,74,95,116,120,105,48,37,34,35,33,44,102,138,135,131,0,1,0,0,0,0,0,0,0
133,131,127,126,127,128,129,128,126,123,118,108,98,89,87,88,95,105,116,128,141,151,154,152,152,154,156,155,152,147,141,138,133,101,83,95,119,120,78,40,38,36,39,36,53,95,135,129,0,1,0,0,0,0,0,0,0
130,128,125,124,124,124,124,124,123,121,119,111,101,91,85,84,88,96,106,119,133,143,147,145,145,148,151,150,145,140,134,128,124,124,122,117,119,121,114,56,39,37,37,33,35,36,102,132,0,1,0,0,0,0,0,0,0
125,124,122,121,121,121,121,121,121,121,118,112,103,92,84,81,81,86,95,109,123,134,140,141,139,141,144,143,139,135,127,120,118,119,120,121,121,121,126,106,51,35,36,55,46,31,57,128,0,1,0,0,0,0,0,0,0
121,121,119,119,119,119,119,120,120,119,116,112,104,93,85,81,79,80,86,98,112,124,129,132,131,130,133,135,135,129,121,115,114,116,116,119,120,121,123,128,116,98,104,120,114,98,98,115,0,1,0,0,0,0,0,0,0
25,23,22,20,18,17,14,14,21,28,36,43,50,55,56,56,59,59,64,67,67,64,57,43,25,13,11,16,22,23,20,9,15,36,64,85,86,68,49,34,31,33,32,31,30,29,25,19,0,1,0,0,0,0,0,0,0
22,21,21,21,22,22,20,19,22,26,33,40,46,51,51,52,55,57,61,62,61,63,62,60,44,24,13,19,22,23,17,8,18,41,68,89,92,74,53,37,32,34,33,33,33,32,31,26,0,1,0,0,0,0,0,0,0
23,22,22,24,25,25,25,25,25,28,31,36,40,43,46,47,49,51,54,62,77,86,77,68,66,58,38,15,19,19,10,4,18,40,64,85,90,73,53,38,31,33,33,33,33,33,31,27,0,1,0,0,0,0,0,0,0
29,28,29,30,30,29,28,28,29,32,35,37,39,41,43,44,43,58,93,88,75,64,58,52,41,41,53,77,60,83,83,66,45,37,53,78,86,72,53,37,32,33,34,33,33,33,31,27,0,1,0,0,0,0,0,0,0
37,36,37,37,34,31,31,30,31,36,41,42,42,43,44,43,74,118,87,63,56,55,59,63,37,32,94,137,81,140,160,159,151,126,87,76,83,75,55,38,32,33,34,34,33,31,29,25,0,1,0,0,0,0,0,0,0
47,47,47,43,37,33,32,32,33,40,49,53,50,47,45,73,125,101,63,54,56,57,57,65,48,33,123,109,46,45,48,58,75,95,112,123,99,77,58,40,32,33,33,33,33,30,28,24,0,1,0,0,0,0,0,0,0
47,48,48,43,38,34,33,33,35,43,53,59,57,52,54,110,106,79,67,59,55,56,59,58,47,62,195,86,32,24,23,23,28,34,36,59,121,99,61,41,32,32,33,32,32,31,27,23,0,1,0,0,0,0,0,0,0
45,46,45,41,37,35,34,34,35,41,48,55,59,52,72,105,82,69,68,60,50,45,56,68,65,97,126,90,59,32,32,33,34,37,41,41,56,114,69,41,31,31,32,32,32,31,28,24,0,1,0,0,0,0,0,0,0
42,44,42,38,35,35,35,35,35,38,43,47,48,47,77,79,67,68,61,61,55,51,56,65,85,105,91,54,43,50,56,62,63,64,70,83,92,94,68,41,30,30,30,31,31,31,28,25,0,1,0,0,0,0,0,0,0
44,45,42,38,36,36,36,35,35,38,40,39,35,43,76,64,61,57,55,54,57,57,64,73,86,100,118,117,60,49,58,57,55,58,61,76,94,89,65,41,29,29,29,29,32,32,28,26,0,1,0,0,0,0,0,0,0
52,50,46,42,38,37,37,36,38,41,42,41,35,42,68,48,46,49,52,60,66,70,78,84,100,104,105,124,111,56,46,46,46,45,50,69,90,90,67,42,29,28,29,31,33,31,28,27,0,1,0,0,0,0,0,0,0
132,87,50,41,39,38,37,38,43,47,50,47,40,50,50,32,44,65,70,77,87,92,102,102,107,100,98,105,115,93,53,53,50,47,51,68,90,95,69,43,28,27,29,31,31,30,29,30,0,1,0,0,0,0,0,0,0
203,190,125,60,35,36,38,41,46,52,57,54,47,58,42,44,63,83,71,82,97,101,107,111,108,106,112,108,107,119,84,64,61,57,58,71,91,95,71,43,26,23,26,27,28,30,32,34,0,1,0,0,0,0,0,0,0
157,159,145,141,93,41,34,41,46,52,57,53,49,58,48,57,76,91,79,92,104,105,110,108,106,114,118,114,116,121,110,77,75,69,65,73,89,94,71,42,23,19,19,22,26,32,36,36,0,1,0,0,0,0,0,0,0
102,111,110,139,168,133,73,39,41,50,52,47,49,61,60,76,75,86,104,117,116,113,112,114,111,116,124,125,130,124,116,81,78,69,67,73,86,93,72,41,17,12,14,20,25,31,36,38,0,1,0,0,0,0,0,0,0
62,87,97,127,139,149,164,111,53,40,44,41,49,64,74,79,69,83,132,134,128,123,121,120,114,116,128,130,126,125,113,71,70,63,62,67,83,93,75,40,13,7,11,17,23,30,36,39,0,1,0,0,0,0,0,0,0
49,49,68,97,112,120,135,152,141,87,43,39,60,79,81,77,66,92,140,141,136,129,128,127,121,126,128,122,118,117,96,56,55,53,52,58,78,92,76,42,15,4,6,13,19,27,35,39,0,1,0,0,0,0,0,0,0
54,47,41,51,80,102,111,115,124,150,120,60,68,83,77,70,66,135,149,143,139,133,132,134,138,138,129,121,125,124,74,51,50,48,47,53,73,88,76,44,15,3,4,7,14,24,34,39,0,1,0,0,0,0,0,0,0
59,48,41,35,37,60,92,99,111,129,120,121,83,71,67,47,96,150,151,155,145,138,141,148,144,144,131,129,133,116,64,57,55,52,50,54,71,86,75,46,17,4,4,4,8,19,32,38,0,1,0,0,0,0,0,0,0
54,45,39,35,35,35,45,72,100,109,96,95,75,66,52,69,147,153,155,158,145,149,150,147,149,144,139,137,133,94,66,63,59,57,57,58,69,81,73,46,18,5,4,5,5,13,30,38,0,1,0,0,0,0,0,0,0
45,39,35,34,35,36,38,39,56,76,92,86,68,76,71,139,148,149,156,158,154,155,155,150,147,143,141,132,120,69,61,60,56,55,56,58,71,83,77,50,21,5,5,5,5,11,26,38,0,1,0,0,0,0,0,0,0
32,32,33,34,34,34,35,36,37,40,60,79,92,100,135,150,143,152,159,154,153,161,156,152,145,146,136,127,87,51,50,49,46,47,49,55,71,85,80,53,24,7,5,5,5,10,25,36,0,1,0,0,0,0,0,0,0
28,30,31,32,34,37,41,45,48,48,49,106,112,118,148,134,147,154,157,151,157,158,159,157,141,136,134,124,47,36,37,37,36,37,37,46,68,90,89,60,27,7,5,5,4,11,26,33,0,1,0,0,0,0,0,0,0
27,30,31,33,41,48,55,63,71,74,89,147,129,145,134,134,144,151,151,161,160,153,156,145,134,135,132,103,31,31,32,32,31,29,29,38,64,91,92,65,30,8,4,5,4,11,25,34,0,1,0,0,0,0,0,0,0
25,25,33,44,52,65,77,84,87,85,108,146,148,171,153,141,143,155,160,156,156,156,144,133,134,146,139,78,27,32,32,32,32,30,30,36,59,86,88,62,31,9,4,5,5,11,26,35,0,1,0,0,0,0,0,0,0
103,72,51,49,65,82,88,89,90,87,116,134,162,166,154,154,162,164,156,160,161,149,138,138,148,150,141,62,29,35,36,36,36,33,32,38,58,85,89,64,32,9,5,5,5,12,26,35,0,1,0,0,0,0,0,0,0
135,146,149,134,114,95,86,87,90,90,123,146,173,166,161,160,173,166,157,165,161,144,148,155,157,142,134,109,81,53,39,37,39,37,36,41,60,86,93,72,37,11,5,6,6,11,26,39,0,1,0,0,0,0,0,0,0
141,149,167,179,176,172,150,117,97,88,123,161,161,163,163,165,172,173,162,163,160,153,169,173,159,139,105,110,129,129,112,71,44,36,36,43,63,89,98,79,46,17,6,6,5,11,28,43,0,1,0,0,0,0,0,0,0
135,162,185,187,180,177,178,164,152,136,143,158,155,154,158,163,171,176,170,164,154,158,175,167,151,121,77,103,111,114,129,132,119,89,57,44,60,88,100,83,52,24,10,6,5,12,30,41,0,1,0,0,0,0,0,0,0
123,153,177,186,185,181,178,176,169,161,156,160,158,152,147,149,167,167,173,160,150,162,163,150,120,67,62,96,110,119,114,104,118,120,126,110,95,92,95,81,54,28,15,11,8,13,29,38,0,1,0,0,0,0,0,0,0
141,161,165,164,173,180,183,185,180,178,174,172,168,164,153,156,146,140,134,140,149,157,151,136,99,42,41,51,75,98,104,106,109,107,119,122,118,124,132,100,58,28,18,19,16,17,28,36,0,1,0,0,0,0,0,0,0
61,113,154,168,167,168,175,183,184,183,180,180,180,177,171,171,164,138,117,109,101,106,113,130,128,96,48,37,33,44,64,89,98,99,110,115,104,92,116,135,116,84,49,29,20,20,27,33,0,1,0,0,0,0,0,0,0
22,46,79,110,138,155,163,174,180,181,178,179,178,180,179,177,170,147,115,144,125,120,113,114,105,93,100,108,107,90,67,62,75,82,91,105,110,111,103,102,108,114,123,112,79,38,25,32,0,1,0,0,0,0,0,0,0
20,42,67,74,81,89,101,119,139,153,165,171,173,179,178,178,172,162,127,156,154,144,139,137,129,95,120,137,153,174,161,131,116,104,80,73,80,99,115,123,125,131,129,129,138,135,74,36,0,1,0,0,0,0,0,0,0
17,35,63,75,79,80,77,75,76,82,95,118,141,154,170,176,167,159,156,157,154,153,150,124,133,100,133,155,171,178,167,157,160,160,154,131,79,74,90,102,112,132,126,121,120,123,130,106,0,1,0,0,0,0,0,0,0
14,25,57,76,80,81,79,77,76,77,75,75,78,83,97,125,146,155,157,150,152,149,123,139,145,140,154,165,176,172,167,163,165,158,137,153,153,158,147,124,104,94,96,103,105,109,112,128,0,1,0,0,0,0,0,0,0
18,23,46,79,87,87,84,81,79,82,84,85,84,84,76,74,70,83,98,119,138,144,123,134,153,153,155,162,149,154,169,169,166,152,145,140,140,141,144,149,150,155,130,107,99,99,112,115,0,1,0,0,0,0,0,0,0
27,33,41,69,93,93,92,88,85,89,95,98,95,93,83,84,73,65,66,58,62,73,85,96,113,120,133,138,143,141,153,155,151,150,141,151,158,150,137,135,133,131,148,157,150,135,114,110,0,1,0,0,0,0,0,0,0
34,44,49,54,77,95,97,93,92,97,102,104,101,99,85,85,71,62,89,63,57,58,66,82,91,85,69,66,93,112,123,133,132,138,139,149,152,149,145,146,145,137,151,156,162,163,151,132,0,1,0,0,0,0,0,0,0
31,40,44,43,44,63,83,85,88,91,96,99,97,93,85,83,67,64,89,62,56,62,75,93,108,99,63,25,15,31,54,78,99,109,125,144,145,147,153,152,146,143,162,151,171,175,166,147,0,1,0,0,0,0,0,0,0
20,25,27,26,26,29,38,51,65,75,80,81,78,77,73,71,67,70,81,57,51,60,70,88,101,86,49,19,11,16,32,51,63,74,89,109,130,145,153,151,146,154,160,138,152,168,162,147,0,1,0,0,0,0,0,0,0
11,12,12,13,13,14,12,15,30,47,54,56,55,55,56,72,68,68,79,56,47,52,60,73,77,58,27,10,8,12,22,36,48,55,67,74,94,112,127,133,136,147,152,140,124,131,134,134,0,1,0,0,0,0,0,0,0
10,11,12,13,14,12,10,10,19,34,42,46,47,48,50,66,72,64,79,59,47,48,50,53,49,33,13,6,7,10,12,17,24,28,45,67,80,92,106,108,106,115,125,130,127,125,129,142,0,1,0,0,0,0,0,0,0
9,10,11,12,13,12,10,11,16,28,40,45,49,51,49,62,70,56,78,59,48,50,52,51,43,28,11,5,7,9,11,14,15,18,38,66,74,87,99,98,85,74,78,94,107,114,117,123,0,1,0,0,0,0,0,0,0
5,6,7,8,8,8,7,7,11,22,32,41,45,48,48,67,69,62,82,57,47,48,49,48,41,27,10,5,6,8,11,13,16,20,40,68,71,79,91,91,79,65,54,53,60,73,87,98,0,1,0,0,0,0,0,0,0
3,2,2,3,3,3,3,3,5,15,24,31,36,40,42,62,71,69,79,56,43,43,42,40,33,22,9,4,4,6,8,10,12,19,40,61,67,74,85,85,73,61,53,52,53,52,52,57,0,1,0,0,0,0,0,0,0
2,2,2,2,1,1,1,1,2,10,19,25,29,33,38,53,71,69,75,55,41,36,33,30,24,18,8,2,3,3,5,5,6,11,29,47,57,70,83,85,73,62,54,52,54,53,52,50,0,1,0,0,0,0,0,0,0
2,2,2,1,2,2,2,2,2,9,18,22,28,34,39,47,64,65,68,54,40,35,31,26,21,16,9,2,2,2,2,2,2,3,14,32,46,65,83,87,77,65,55,53,52,51,49,47,0,1,0,0,0,0,0,0,0
27,26,22,20,22,23,25,22,23,30,31,22,20,25,30,36,46,49,50,58,74,77,79,93,97,85,77,94,114,126,129,133,131,123,119,119,115,114,108,96,88,84,81,81,99,122,114,107,0,1,0,0,0,0,0,0,0
26,25,23,22,22,25,28,24,20,30,31,24,29,41,45,44,49,46,37,53,81,88,89,99,107,98,84,96,128,137,136,137,135,127,121,116,117,116,111,101,91,85,80,79,89,97,86,83,0,1,0,0,0,0,0,0,0
21,21,22,23,24,27,31,28,22,24,27,28,40,56,57,50,45,41,32,56,89,100,95,99,108,104,87,90,115,127,136,140,142,143,135,128,127,120,117,104,94,84,75,72,85,90,78,63,0,1,0,0,0,0,0,0,0
17,16,19,24,26,27,30,30,27,28,30,31,43,53,51,44,42,38,34,52,86,101,97,98,103,102,90,77,93,134,141,121,106,112,114,109,112,112,114,109,102,87,71,67,72,73,59,49,0,1,0,0,0,0,0,0,0
18,18,20,24,27,26,27,30,31,36,38,38,42,44,40,37,42,40,44,66,88,97,98,99,99,93,81,86,138,143,126,113,106,99,95,94,121,133,119,107,99,85,65,63,59,50,38,43,0,1,0,0,0,0,0,0,0
22,20,19,23,25,28,28,31,32,35,39,43,44,41,37,36,39,49,69,87,96,99,97,98,93,80,86,144,146,127,115,109,101,91,82,56,85,74,97,103,83,74,57,57,56,45,39,45,0,1,0,0,0,0,0,0,0
25,22,21,23,29,32,32,34,34,32,34,36,40,37,37,37,42,59,82,98,104,104,99,96,87,91,148,148,133,124,122,113,98,87,77,51,60,58,59,82,74,59,55,53,56,50,45,48,0,1,0,0,0,0,0,0,0
27,23,24,29,35,35,33,36,35,34,36,38,36,41,46,48,48,55,71,85,99,108,104,95,100,152,157,137,128,121,113,111,98,82,72,49,32,43,34,74,80,56,55,52,54,50,43,43,0,1,0,0,0,0,0,0,0
28,23,27,32,35,33,31,33,37,39,48,54,50,49,52,53,52,46,43,56,82,98,99,102,146,146,119,114,120,117,109,103,93,75,60,41,30,31,63,98,81,51,49,51,51,45,38,39,0,1,0,0,0,0,0,0,0
27,25,28,31,32,32,35,48,54,51,56,66,65,50,48,46,51,47,37,41,62,72,100,154,152,130,119,104,75,86,104,102,96,82,49,39,58,59,76,105,90,39,40,41,41,39,37,39,0,1,0,0,0,0,0,0,0
31,31,32,31,33,36,46,59,68,64,60,67,64,58,52,50,54,53,41,40,50,114,174,169,166,186,202,188,130,78,57,79,88,81,56,90,136,154,118,96,109,51,36,41,39,35,36,37,0,1,0,0,0,0,0,0,0
38,40,39,34,35,38,38,44,61,70,59,56,60,63,62,58,59,60,43,57,138,178,150,131,156,180,191,190,158,109,79,56,63,56,82,158,157,166,112,57,87,121,41,42,41,36,34,36,0,1,0,0,0,0,0,0,0
45,44,42,38,35,34,30,28,45,59,57,55,67,72,69,62,66,64,79,156,169,138,117,110,135,168,181,187,169,116,100,85,117,148,156,175,158,104,64,57,37,81,76,32,37,32,31,35,0,1,0,0,0,0,0,0,0
48,46,44,39,34,30,30,36,43,52,57,65,81,86,75,67,59,82,163,157,124,116,106,121,151,172,184,185,177,133,89,99,147,218,203,146,82,57,52,47,38,31,66,39,33,28,27,34,0,1,0,0,0,0,0,0,0
44,40,36,32,29,33,49,62,59,54,56,70,84,86,79,61,63,151,149,120,109,111,99,114,152,176,179,178,181,158,113,153,191,211,211,96,56,49,52,53,44,36,48,44,36,25,24,32,0,1,0,0,0,0,0,0,0
31,31,26,26,40,58,76,83,80,68,62,64,73,77,69,63,140,151,115,110,99,99,94,109,147,166,175,178,183,184,146,163,200,219,192,83,61,53,63,65,51,40,39,42,36,23,22,33,0,1,0,0,0,0,0,0,0
25,24,27,36,62,82,87,89,80,70,65,67,69,63,55,119,157,120,108,97,85,101,119,139,158,169,180,179,180,183,167,160,197,219,167,58,48,51,65,70,56,39,37,39,40,32,26,33,0,1,0,0,0,0,0,0,0
23,30,37,60,77,90,92,83,71,58,58,64,67,58,88,150,129,107,93,84,110,122,117,128,146,169,176,176,178,182,179,167,188,208,121,33,33,40,56,67,57,39,27,30,39,38,35,36,0,1,0,0,0,0,0,0,0
23,28,64,95,85,87,92,80,67,44,39,48,60,67,142,130,121,108,93,98,129,114,111,113,141,162,168,171,181,190,196,185,173,196,69,31,37,34,52,69,62,37,21,20,31,38,37,35,0,1,0,0,0,0,0,0,0
24,27,75,91,96,83,86,79,60,43,29,32,42,91,142,115,126,121,100,111,114,93,80,109,146,160,166,178,187,197,196,192,184,154,36,41,46,38,51,72,72,45,26,24,30,36,34,32,0,1,0,0,0,0,0,0,0
26,30,64,86,73,75,77,71,63,62,60,49,44,125,123,114,137,122,94,93,84,63,82,137,158,162,170,178,182,191,199,188,185,113,25,36,41,39,44,69,71,54,33,31,34,36,35,31,0,1,0,0,0,0,0,0,0
25,30,41,48,47,57,68,67,74,79,82,74,71,137,120,132,130,102,89,79,77,84,146,162,159,160,169,171,180,193,196,186,192,89,29,34,37,40,41,51,57,45,37,36,34,37,39,33,0,1,0,0,0,0,0,0,0
22,20,25,25,25,45,62,71,85,95,87,85,98,138,133,138,106,95,105,75,74,143,168,160,155,156,165,171,177,185,189,191,185,64,41,41,41,46,49,50,46,42,41,41,38,37,42,38,0,1,0,0,0,0,0,0,0
25,19,16,18,24,42,65,84,95,93,90,87,118,141,140,116,93,107,99,79,135,172,158,157,156,156,158,167,178,184,186,197,165,55,52,52,51,56,59,57,51,47,49,50,46,40,43,41,0,1,0,0,0,0,0,0,0
39,36,29,28,35,48,72,87,93,90,85,85,130,140,126,93,108,99,78,127,165,158,148,152,147,147,152,164,181,190,189,201,127,57,62,62,65,67,67,60,54,54,55,57,55,48,43,45,0,1,0,0,0,0,0,0,0
61,55,49,46,51,64,85,88,82,75,75,87,135,136,96,107,104,72,109,152,148,145,140,146,142,142,149,160,178,188,193,189,90,65,64,65,70,73,68,60,56,56,59,63,63,58,49,41,0,1,0,0,0,0,0,0,0
131,92,67,61,66,105,114,110,92,97,71,96,142,116,102,106,70,90,136,141,140,133,137,138,134,136,144,156,173,180,192,144,68,64,61,59,65,66,58,57,55,55,62,64,66,65,58,47,0,1,0,0,0,0,0,0,0
125,149,141,89,71,99,122,123,134,131,105,112,142,103,106,65,65,122,146,149,129,127,131,128,126,134,140,156,163,170,184,94,61,58,59,59,64,58,53,60,61,60,65,69,66,67,63,55,0,1,0,0,0,0,0,0,0
119,72,88,128,113,85,101,118,118,123,99,125,121,104,77,55,110,147,146,135,127,124,125,124,126,132,142,162,168,182,129,71,68,70,70,68,68,63,61,64,67,69,77,79,70,70,70,60,0,1,0,0,0,0,0,0,0
120,137,80,45,76,116,113,103,88,86,69,127,102,90,65,82,124,130,133,134,126,122,123,122,127,134,147,160,169,135,78,81,81,79,72,67,69,68,60,66,76,80,84,79,68,71,77,69,0,1,0,0,0,0,0,0,0
93,108,130,93,39,53,106,145,129,103,98,115,95,86,82,108,135,132,135,131,122,123,125,127,135,142,147,150,138,88,89,99,93,72,59,61,70,71,69,81,95,98,92,73,53,60,72,65,0,1,0,0,0,0,0,0,0
132,112,104,113,91,45,44,71,120,128,126,109,90,87,99,118,147,140,139,131,122,126,132,135,135,133,144,129,100,94,100,106,94,70,61,69,80,85,84,96,106,106,97,73,42,40,49,48,0,1,0,0,0,0,0,0,0
139,119,116,111,104,81,53,47,53,84,90,108,105,101,104,97,121,130,136,135,131,135,139,139,134,142,116,90,92,96,95,94,84,74,75,81,88,95,98,105,107,105,98,81,50,28,27,28,0,1,0,0,0,0,0,0,0
135,125,124,124,121,108,85,71,52,41,76,60,81,110,120,98,94,132,134,122,112,121,139,134,133,125,103,88,84,86,85,79,72,77,84,85,96,103,105,110,112,107,104,93,68,36,22,21,0,1,0,0,0,0,0,0,0
124,122,121,123,126,126,114,98,88,55,53,75,37,51,96,108,81,83,128,125,92,63,78,118,122,120,104,86,87,89,83,74,67,74,88,93,102,111,107,109,112,111,111,106,89,55,26,23,0,1,0,0,0,0,0,0,0
106,99,100,106,117,124,116,96,85,88,66,62,70,32,40,78,90,79,86,130,117,90,65,80,112,111,95,89,103,108,92,73,68,81,90,95,106,111,108,104,108,112,113,116,112,83,40,22,0,1,0,0,0,0,0,0,0
94,86,82,87,99,114,118,103,85,93,109,64,63,67,28,36,67,138,142,117,132,115,93,73,84,107,89,83,104,112,92,73,75,82,87,92,99,106,106,106,106,111,112,113,115,95,54,27,0,1,0,0,0,0,0,0,0
90,86,78,74,77,89,102,96,99,121,94,114,84,66,48,27,42,59,138,161,149,149,134,109,80,100,134,87,80,89,79,66,68,71,81,99,108,105,105,109,109,106,95,89,94,87,59,35,0,1,0,0,0,0,0,0,0
82,82,79,72,63,64,71,74,114,113,97,138,91,61,65,39,40,52,63,120,126,144,134,115,128,112,120,143,112,73,63,59,52,54,73,107,124,118,108,106,103,93,77,60,70,77,69,51,0,1,0,0,0,0,0,0,0
77,77,79,77,65,57,60,72,126,85,116,99,55,35,37,40,36,56,72,59,90,90,106,114,112,125,60,94,139,121,62,47,45,45,64,100,119,115,98,89,85,77,62,58,65,73,72,68,0,1,0,0,0,0,0,0,0
73,72,79,78,65,55,53,90,115,83,95,71,36,30,24,20,20,36,82,74,59,81,59,79,104,145,92,48,81,132,142,83,54,47,55,72,86,85,73,67,76,72,63,60,66,75,80,84,0,1,0,0,0,0,0,0,0
64,68,71,72,65,54,46,110,92,103,95,61,23,26,22,19,21,32,53,71,69,68,66,57,53,92,127,80,72,57,75,117,129,110,73,53,50,53,49,55,70,72,63,64,71,80,86,86,0,1,0,0,0,0,0,0,0
62,65,70,67,61,53,68,115,90,108,87,37,25,27,23,20,24,30,34,37,43,51,59,56,49,59,72,63,124,125,59,31,64,136,169,134,93,58,44,46,61,69,70,69,65,68,71,72,0,1,0,0,0,0,0,0,0
54,60,67,68,60,51,100,97,103,104,73,27,27,26,22,22,25,29,33,40,43,49,58,60,63,76,62,51,70,106,120,77,40,36,81,134,129,126,100,60,57,68,74,69,54,46,52,54,0,1,0,0,0,0,0,0,0
42,44,59,64,54,59,110,93,110,99,52,32,31,28,23,23,26,30,42,48,48,51,52,49,44,53,51,43,34,41,62,89,79,58,45,56,104,87,93,127,101,66,63,60,52,51,59,63,0,1,0,0,0,0,0,0,0
34,32,43,55,47,78,94,93,111,84,37,35,36,33,28,26,28,38,49,57,51,43,38,33,27,36,45,42,33,25,21,32,57,69,74,62,46,91,66,53,99,118,79,53,58,66,71,77,0,1,0,0,0,0,0,0,0
46,38,44,58,55,94,87,105,111,67,40,42,38,32,26,25,29,38,52,56,47,37,28,24,23,26,32,32,34,28,19,24,32,45,61,73,74,48,76,68,33,55,107,110,81,65,72,79,0,1,0,0,0,0,0,0,0
78,62,52,61,78,106,98,115,101,64,60,58,49,36,27,37,48,49,56,55,49,38,31,26,27,31,33,36,49,49,33,29,30,37,46,54,71,82,58,70,61,28,37,85,164,152,107,87,0,1,0,0,0,0,0,0,0
122,119,125,127,129,134,139,141,140,141,141,142,144,140,129,143,150,142,142,136,127,121,120,121,124,127,127,132,140,146,148,147,144,140,138,136,131,127,123,117,116,115,116,113,113,116,119,124,0,1,0,0,0,0,0,0,0
125,121,128,129,129,131,133,134,136,138,147,148,129,91,117,235,242,194,99,119,131,129,127,124,122,124,127,131,135,140,144,146,148,147,145,140,133,128,125,119,115,114,113,111,111,115,119,123,0,1,0,0,0,0,0,0,0
128,124,129,134,133,132,132,128,129,133,123,74,47,49,94,195,252,248,86,31,127,135,135,129,122,123,127,130,135,140,142,145,149,150,147,140,131,126,122,117,115,111,107,108,111,116,120,123,0,1,0,0,0,0,0,0,0
132,128,131,137,137,136,135,131,126,136,101,7,3,18,46,119,242,254,137,42,171,151,132,129,123,121,124,129,134,140,145,147,148,146,144,140,131,124,120,117,114,109,104,108,114,119,122,123,0,1,0,0,0,0,0,0,0
134,130,132,136,137,135,135,132,167,231,225,67,0,9,24,167,250,254,210,59,159,188,127,126,122,120,121,128,135,141,145,147,147,146,143,139,134,125,119,116,114,109,105,109,115,123,123,118,0,1,0,0,0,0,0,0,0
134,133,131,134,136,136,141,191,240,235,233,167,26,0,28,192,246,246,241,72,93,204,134,124,121,117,119,126,134,139,143,144,145,145,142,137,133,124,117,115,114,110,107,108,116,123,122,115,0,1,0,0,0,0,0,0,0
136,135,131,132,139,139,155,179,176,167,159,112,11,14,59,220,241,252,193,31,122,209,155,123,120,116,115,121,128,133,137,140,142,141,136,132,128,123,120,118,114,110,109,110,116,122,123,118,0,1,0,0,0,0,0,0,0
139,134,133,137,141,143,143,136,137,142,67,0,7,38,135,241,249,238,140,144,204,210,188,129,118,115,112,114,123,127,131,135,136,135,133,133,131,124,123,125,120,112,112,113,117,123,125,125,0,1,0,0,0,0,0,0,0
139,135,133,138,141,145,143,138,138,146,95,0,27,93,209,241,225,191,190,187,172,190,196,153,119,118,114,113,117,125,127,131,131,133,134,134,130,126,122,123,120,116,115,116,118,123,125,127,0,1,0,0,0,0,0,0,0
136,132,133,136,141,144,141,138,137,141,125,71,113,206,205,189,176,181,196,173,165,169,184,186,133,116,114,113,115,120,124,127,130,133,132,132,128,123,118,118,121,120,117,119,120,123,126,128,0,1,0,0,0,0,0,0,0
133,127,130,135,138,141,139,138,138,139,125,97,158,191,180,166,166,180,196,126,147,173,181,192,174,121,114,115,115,117,118,120,125,127,126,129,130,126,121,120,123,124,123,124,123,125,129,131,0,1,0,0,0,0,0,0,0
127,124,126,132,133,134,135,134,137,139,126,137,180,173,170,164,159,175,204,118,62,113,165,187,189,157,113,117,116,117,116,115,119,121,121,126,130,129,125,126,126,127,129,131,129,128,129,132,0,1,0,0,0,0,0,0,0
123,120,121,125,127,129,131,133,134,134,132,139,182,183,157,146,160,178,207,174,67,43,119,179,188,193,139,115,117,116,114,111,112,116,121,125,126,125,126,127,127,128,134,135,132,132,133,137,0,1,0,0,0,0,0,0,0
123,118,119,122,123,126,126,128,129,127,127,111,151,151,147,130,150,180,198,153,59,39,53,135,185,196,183,123,115,118,117,114,114,116,121,124,121,121,124,125,127,130,138,138,134,135,139,143,0,1,0,0,0,0,0,0,0
123,117,117,119,119,120,119,120,122,119,119,84,65,83,114,130,152,184,184,129,29,28,25,58,163,183,194,158,116,121,122,120,119,122,123,124,122,122,122,122,126,134,137,138,137,140,143,146,0,1,0,0,0,0,0,0,0
117,112,114,114,112,113,113,114,118,118,119,88,37,41,86,132,161,194,192,114,46,0,5,10,104,184,177,188,132,126,128,125,125,127,126,125,125,124,124,124,129,135,136,137,141,145,146,147,0,1,0,0,0,0,0,0,0
107,106,108,107,106,111,111,111,116,118,118,102,52,17,42,113,172,196,213,105,81,8,0,0,61,201,188,187,158,131,132,131,130,131,130,127,126,126,126,130,136,139,138,140,144,148,148,149,0,1,0,0,0,0,0,0,0
102,104,103,98,103,110,112,111,117,117,117,115,93,39,52,99,153,183,202,162,74,33,0,0,28,187,216,186,175,138,134,133,132,134,131,129,129,129,129,135,143,146,145,147,149,148,148,152,0,1,0,0,0,0,0,0,0
101,99,95,94,100,108,109,111,115,116,116,115,110,85,73,77,113,155,198,211,160,49,2,0,67,205,225,213,194,146,134,133,131,132,132,132,133,133,134,140,146,149,151,154,152,148,147,150,0,1,0,0,0,0,0,0,0
99,93,89,93,100,108,111,113,114,114,115,115,114,100,90,79,80,110,188,207,216,204,128,8,12,103,208,224,219,173,134,132,128,129,132,133,134,134,137,143,148,150,153,157,156,150,147,146,0,1,0,0,0,0,0,0,0
93,93,92,95,104,108,111,114,115,113,113,114,116,108,92,84,77,77,135,190,205,220,229,123,0,7,157,219,223,185,123,129,126,126,131,131,130,133,140,146,149,152,154,157,159,154,146,143,0,1,0,0,0,0,0,0,0
92,96,97,98,105,107,109,112,114,114,115,117,120,122,103,86,86,81,97,162,186,205,216,225,97,0,142,225,134,38,53,128,126,127,128,128,128,135,143,148,152,143,150,158,160,157,149,142,0,1,0,0,0,0,0,0,0
93,99,97,96,103,106,108,113,114,115,118,121,125,130,123,98,87,89,88,113,152,193,207,213,210,84,144,234,135,0,7,101,125,120,121,123,126,135,142,147,152,140,121,159,159,156,151,144,0,1,0,0,0,0,0,0,0
96,98,97,96,100,103,108,112,112,113,119,123,127,131,131,120,97,91,91,97,118,170,204,209,208,210,136,185,210,40,0,46,116,109,109,113,116,125,138,145,149,153,113,129,159,181,161,145,0,1,0,0,0,0,0,0,0
100,102,102,100,102,105,109,111,111,112,119,123,128,132,131,133,121,99,94,90,95,122,181,213,209,198,194,123,201,169,13,6,91,105,103,105,107,113,130,140,144,147,139,130,156,165,204,180,0,1,0,0,0,0,0,0,0
104,106,109,108,108,109,113,112,111,115,121,126,129,134,135,137,143,123,106,94,91,92,114,156,207,206,190,166,96,216,140,0,50,103,99,100,104,108,118,128,150,171,193,220,197,109,155,133,0,1,0,0,0,0,0,0,0
112,111,110,112,112,112,116,116,115,118,123,127,129,133,137,140,146,148,125,103,91,86,88,95,129,200,205,191,98,92,225,91,14,99,111,107,102,103,127,167,214,210,180,154,114,124,120,107,0,1,0,0,0,0,0,0,0
118,114,111,112,112,114,119,119,117,118,124,128,130,137,138,142,146,148,146,123,99,81,71,83,63,115,187,197,168,20,122,200,21,82,119,180,157,164,202,205,160,135,128,136,137,135,140,120,0,1,0,0,0,0,0,0,0
120,116,115,115,113,115,118,118,118,122,127,130,124,127,140,143,145,144,138,132,119,95,125,204,140,78,120,180,193,111,16,148,83,52,116,142,153,111,165,109,107,118,122,130,132,134,140,140,0,1,0,0,0,0,0,0,0
121,119,118,114,112,111,114,118,119,123,127,129,116,114,136,141,143,150,170,186,192,187,191,188,162,80,87,132,148,151,116,42,38,3,71,66,72,80,111,101,102,111,112,119,125,129,133,135,0,1,0,0,0,0,0,0,0
122,118,118,111,110,112,114,116,120,122,126,128,116,113,138,134,159,180,172,129,76,74,162,196,164,93,74,75,71,102,175,126,0,0,52,81,93,94,88,93,95,104,108,111,120,127,129,128,0,1,0,0,0,0,0,0,0
118,112,111,115,108,111,113,117,120,112,104,105,117,120,178,195,209,194,163,39,0,15,96,139,86,100,90,72,67,77,151,190,70,0,19,81,86,88,89,89,91,100,107,108,115,123,125,124,0,1,0,0,0,0,0,0,0
113,110,91,114,102,103,106,112,128,161,178,177,198,150,111,196,159,143,158,104,2,10,71,104,101,101,119,112,83,73,100,198,194,81,0,49,86,86,90,91,89,96,106,110,113,120,125,124,0,1,0,0,0,0,0,0,0
91,96,85,112,153,138,137,172,197,178,138,107,91,45,54,122,86,99,143,120,30,22,71,100,104,113,90,103,103,87,81,116,200,200,76,8,73,85,88,90,89,93,106,112,115,119,125,127,0,1,0,0,0,0,0,0,0
84,89,86,86,170,208,155,180,122,105,101,106,101,75,112,111,107,100,103,104,100,92,96,98,105,112,109,106,98,94,90,81,114,135,118,27,33,83,83,86,87,91,103,115,118,123,128,128,0,1,0,0,0,0,0,0,0
197,191,205,217,145,136,94,91,102,101,102,104,110,107,97,104,103,96,95,99,101,96,98,104,109,115,114,112,105,96,92,90,79,45,49,114,18,68,82,82,86,91,102,117,122,127,131,130,0,1,0,0,0,0,0,0,0
184,131,129,92,97,90,107,92,96,100,101,104,109,108,99,80,89,92,89,92,95,97,104,112,116,120,118,117,111,103,100,94,90,67,17,111,87,38,83,81,84,91,102,117,125,129,133,134,0,1,0,0,0,0,0,0,0
91,83,79,81,82,93,108,108,96,101,103,107,113,113,109,103,92,89,89,89,91,96,103,113,119,121,122,121,116,114,114,106,96,95,60,11,97,70,85,84,86,95,104,114,123,130,134,136,0,1,0,0,0,0,0,0,0
86,85,86,94,97,73,87,89,98,102,106,112,116,117,116,111,99,91,89,87,90,96,104,115,122,123,123,122,121,120,117,112,103,97,94,44,36,90,88,89,91,98,105,113,122,131,136,137,0,1,0,0,0,0,0,0,0
92,93,98,106,110,99,100,99,100,104,110,116,121,121,119,116,107,95,88,87,91,97,104,114,122,126,127,126,126,123,120,115,107,100,96,84,41,56,89,87,89,97,103,112,122,130,136,138,0,1,0,0,0,0,0,0,0
100,104,109,112,114,113,105,98,103,111,116,123,127,128,124,121,112,102,93,88,90,96,102,111,124,131,136,136,132,126,122,118,110,103,101,94,85,36,79,88,87,95,101,110,120,126,133,139,0,1,0,0,0,0,0,0,0
108,112,118,118,117,116,112,99,104,117,125,132,134,132,131,127,117,108,99,92,92,94,103,117,130,139,143,143,136,128,122,117,108,105,103,100,89,57,52,91,87,91,96,106,115,122,133,142,0,1,0,0,0,0,0,0,0
121,120,127,128,126,123,117,105,106,122,133,138,139,138,134,132,124,115,105,95,92,93,105,121,135,145,147,147,142,132,123,115,108,105,103,101,95,77,51,84,87,86,90,101,112,119,131,142,0,1,0,0,0,0,0,0,0
136,133,137,138,134,131,122,111,110,124,136,142,143,141,140,139,131,121,109,99,95,98,108,121,136,145,148,149,146,137,125,114,106,104,103,99,97,84,53,71,89,83,88,100,111,116,128,139,0,1,0,0,0,0,0,0,0
147,145,145,145,141,136,125,114,113,121,133,142,144,145,146,145,138,125,112,103,99,103,113,121,135,144,146,148,146,141,127,109,99,98,97,93,94,97,43,39,90,88,90,103,113,117,127,137,0,1,0,0,0,0,0,0,0
150,150,146,146,142,135,125,115,116,120,129,137,141,145,148,147,139,127,117,108,101,104,112,124,137,144,145,148,147,140,127,109,96,94,93,91,91,94,77,38,81,95,95,108,116,118,130,140,0,1,0,0,0,0,0,0,0
150,149,145,142,138,129,121,113,113,118,128,135,138,142,147,146,140,130,123,116,109,108,111,123,137,143,147,149,148,141,129,113,102,98,94,92,93,95,96,89,95,101,102,111,119,123,135,145,0,1,0,0,0,0,0,0,0
150,147,143,138,133,126,117,108,110,116,125,132,135,140,144,144,140,133,126,120,115,112,111,120,133,142,147,149,146,141,132,116,101,99,98,97,93,96,98,103,105,106,108,114,123,131,141,148,0,1,0,0,0,0,0,0,0
